,asset_1,asset_2,asset_1_name,asset_2_name,A,B,l_max,theta,mu,sigma,x_0,x_T,d_star,b_star,t_first_d_star,t_first_b_star
0,A305720,A091180,"('KODEX 2차전지산업', 'technology,manufacturing')","('KODEX 자동차', 'technology,manufacturing')",1.0,-0.346734,3.244952,0.6666626461654421,6.1728226122429835,0.2730156471040382,0.6532663316582915,0.586411761606196,0.44221105527638194,0.864321608040201,230.0,inf
1,A305720,A228800,"('KODEX 2차전지산업', 'technology,manufacturing')","('TIGER 여행레저', 'retail')",1.0,-0.246231,3.187253,0.7986527990525506,5.163343367033548,0.2764946302657828,0.7537688442211056,0.7578147075771802,0.5628140703517588,1.0050251256281406,inf,inf
2,A305720,A161510,"('KODEX 2차전지산업', 'technology,manufacturing')","('ARIRANG 고배당주', 'high-dividend')",1.0,-0.427136,3.185723,0.6427097763150922,4.684089528761697,0.27996135029032726,0.5728643216080402,0.6104831660729095,0.3919597989949749,0.864321608040201,inf,inf
3,A305720,A150460,"('KODEX 2차전지산업', 'technology,manufacturing')","('TIGER 중국소비테마', 'china,retail')",1.0,-0.467337,3.222262,0.5399746354473641,4.709891242935471,0.26886114075846024,0.5326633165829145,0.46355246712798504,0.30150753768844224,0.7638190954773869,inf,inf
4,A305720,A228810,"('KODEX 2차전지산업', 'technology,manufacturing')","('TIGER 미디어컨텐츠', 'retail')",1.0,-0.356784,3.244978,0.6658575483142292,5.947344620398976,0.26684711377128695,0.6432160804020101,0.6498801938831372,0.45226130653266333,0.8542713567839196,inf,inf
5,A305720,A139220,"('KODEX 2차전지산업', 'technology,manufacturing')","('TIGER 200 건설', 'utilities')",1.0,-0.467337,3.248534,0.5490906270281501,5.079454399963211,0.26926197416448516,0.5326633165829145,0.47590685925584386,0.31155778894472363,0.7638190954773869,inf,inf
6,A305720,A117680,"('KODEX 2차전지산업', 'technology,manufacturing')","('KODEX 철강', 'commodity')",1.0,-0.266332,3.194147,0.794078385326973,4.371119484531515,0.2760434413293612,0.7336683417085427,0.734961774999265,0.542713567839196,1.015075376884422,inf,inf
7,A305720,A174350,"('KODEX 2차전지산업', 'technology,manufacturing')","('TIGER 로우볼', 'volatility')",1.0,-0.567839,3.201191,0.49305613337973364,4.682674207091141,0.27797543612724845,0.4321608040201005,0.44890476583218175,0.24120603015075376,0.7236180904522613,inf,inf
8,A305720,A244670,"('KODEX 2차전지산업', 'technology,manufacturing')","('KODEX 밸류Plus', 'value')",1.0,-0.517588,3.233511,0.48796258074553833,4.2044231460652,0.26860607483856225,0.4824120603015075,0.40563693753246555,0.24120603015075376,0.7236180904522613,inf,inf
9,A305720,A322150,"('KODEX 2차전지산업', 'technology,manufacturing')","('KINDEX 스마트하이베타', 'factor-model')",1.0,-0.768844,3.363353,0.174503140677769,3.863693545046175,0.24583052463282967,0.23115577889447236,0.09598792661353828,0.0,0.4120603015075377,216.0,inf
10,A305720,A337120,"('KODEX 2차전지산업', 'technology,manufacturing')","('KODEX Fn멀티팩터', 'factor-model')",1.0,-0.819095,3.339468,0.14723722747956422,4.066024515417228,0.24994076929807588,0.18090452261306544,0.06860720738143855,0.0,0.38190954773869346,211.0,inf
11,A305720,A147970,"('KODEX 2차전지산업', 'technology,manufacturing')","('TIGER 모멘텀', 'momentum')",1.0,-0.738693,3.308128,0.3115966164051303,3.9413307248266625,0.25178021134245504,0.2613065326633166,0.26061446841344704,0.07035175879396985,0.542713567839196,inf,inf
12,A305720,A243880,"('KODEX 2차전지산업', 'technology,manufacturing')","('TIGER 200IT레버리지', 'leverage,technology')",1.0,-0.246231,3.355874,0.7086933293849408,3.990115814778731,0.24776888041871037,0.7537688442211056,0.6416842892212791,0.4723618090452261,0.914572864321608,284.0,inf
13,A305720,A153130,"('KODEX 2차전지산업', 'technology,manufacturing')","('KODEX 단기채권', 'bond')",1.0,-1.0,3.149359,0.07353727313907098,5.286948998720597,0.2937384807960407,0.0,0.032234622415521774,0.0,0.3316582914572864,208.0,inf
14,A305720,A148070,"('KODEX 2차전지산업', 'technology,manufacturing')","('KOSEF 국고채10년', 'bond')",1.0,0.005025,3.149253,1.0739481368205366,5.383347141191796,0.29375768568791033,1.0050251256281406,1.0317924691114064,0.8241206030150754,1.2864321608040201,inf,inf
15,A305720,A332620,"('KODEX 2차전지산업', 'technology,manufacturing')","('ARIRANG 미국장기우량회사채', 'US,bond')",1.0,0.366834,3.162108,1.4951399933128926,4.011131141433264,0.2884220364410149,1.3668341708542713,1.447675916700379,1.2160804020100502,1.7085427135678393,284.0,inf
16,A305720,A182490,"('KODEX 2차전지산업', 'technology,manufacturing')","('TIGER 단기선진하이일드(합성 H)', 'global,high-yield')",1.0,-0.778894,3.159069,0.2604720991495207,6.208592623843234,0.2915448500862028,0.22110552763819113,0.21830761634852047,0.03015075376884422,0.49246231155778897,inf,inf
17,A305720,A292770,"('KODEX 2차전지산업', 'technology,manufacturing')","('KODEX 국채선물3년인버스', 'inverse,bond')",1.0,0.859296,3.151729,1.905829821406191,5.821108983565647,0.29368256186434233,1.8592964824120604,1.8578612875875045,1.6582914572864322,2.0,inf,inf
18,A305720,A123310,"('KODEX 2차전지산업', 'technology,manufacturing')","('TIGER 인버스', 'inverse')",1.0,0.939698,3.348085,1.906468407229224,4.37803572442831,0.24995380704758582,1.9396984924623115,1.8283311789893544,1.6683417085427137,2.0,inf,inf
19,A305720,A292340,"('KODEX 2차전지산업', 'technology,manufacturing')","('마이티 200커버드콜ATM레버리지', 'option,leverage')",1.0,-0.507538,3.284763,0.48820365416114053,4.716455239246373,0.2549178964912707,0.49246231155778897,0.4155755909626814,0.2613065326633166,0.6934673366834171,inf,inf
20,A305720,A166400,"('KODEX 2차전지산업', 'technology,manufacturing')","('TIGER 200커버드콜5%OTM', 'option')",1.0,-0.728643,3.263219,0.24798586017303273,4.923356099166158,0.26391057519285654,0.27135678391959805,0.16837518905320603,0.020100502512562814,0.4723618090452261,inf,inf
21,A305720,A271050,"('KODEX 2차전지산업', 'technology,manufacturing')","('KODEX WTI원유선물인버스(H)', 'commodity,inverse')",1.0,0.035176,3.154461,1.1403089226251357,4.647393083891205,0.29248142375011876,1.035175879396985,1.1059861634115635,0.8743718592964824,1.35678391959799,inf,inf
22,A305720,A132030,"('KODEX 2차전지산업', 'technology,manufacturing')","('KODEX 골드선물(H)', 'commodity')",1.0,0.055276,3.149722,1.1226508257862615,5.522307141028207,0.2938696667133487,1.0552763819095476,1.0805732234087673,0.8743718592964824,1.3266331658291457,inf,inf
23,A305720,A138910,"('KODEX 2차전지산업', 'technology,manufacturing')","('KODEX 구리선물(H)', 'commodity')",1.0,-0.256281,3.175518,0.8075474496589518,4.57328848891722,0.2829796623323601,0.7437185929648241,0.7747030118311615,0.5527638190954774,1.035175879396985,inf,inf
24,A305720,A316300,"('KODEX 2차전지산업', 'technology,manufacturing')","('KINDEX 싱가포르리츠', 'singapore,real-estate')",1.0,-0.688442,3.177054,0.3766943468077998,5.002495952395916,0.2847970674388711,0.31155778894472363,0.3465759382463445,0.1306532663316583,0.6130653266331658,inf,inf
25,A305720,A352560,"('KODEX 2차전지산업', 'technology,manufacturing')","('KODEX 다우존스미국리츠(H)', 'US,real-estate')",1.0,-0.396985,3.187365,0.6490803749159695,5.231840962823948,0.2757114571968315,0.6030150753768845,0.6169342772780356,0.4120603015075377,0.864321608040201,inf,inf
26,A305720,A250780,"('KODEX 2차전지산업', 'technology,manufacturing')","('TIGER 코스닥150선물인버스', 'inverse')",1.0,0.688442,3.399706,1.7256838250470776,5.979650256182863,0.226862182026297,1.6884422110552764,1.677916553706221,1.5376884422110553,1.8592964824120604,283.0,inf
27,A305720,A295020,"('KODEX 2차전지산업', 'technology,manufacturing')","('KBSTAR 국채선물10년인버스', 'inverse,bond')",1.0,-0.055276,3.149325,1.0174438605307614,5.300347822771598,0.293718300263917,0.9447236180904522,0.9763553350567953,0.7638190954773869,1.2261306532663316,inf,inf
28,A305720,A217780,"('KODEX 2차전지산업', 'technology,manufacturing')","('TIGER 차이나CSI300인버스(합성)', 'china,inverse')",1.0,0.517588,3.200182,1.5138983890596693,6.138426824927487,0.2815231243912736,1.5175879396984926,1.4704947722887476,1.2864321608040201,1.6884422110552764,inf,inf
29,A305720,A225030,"('KODEX 2차전지산업', 'technology,manufacturing')","('TIGER 미국S&P500선물인버스(H)', 'US,inverse')",1.0,0.728643,3.270296,1.7676953744745272,4.834442976705396,0.25351323524723446,1.728643216080402,1.755870414988489,1.5376884422110553,1.9396984924623115,inf,inf
30,A305720,A373530,"('KODEX 2차전지산업', 'technology,manufacturing')","('ARIRANG 신흥국MSCI인버스(합성 H)', 'emerging-market,inverse')",1.0,0.698492,3.257861,1.6833030426917142,5.424829825691061,0.26258691584489263,1.6984924623115578,1.6333284241677228,1.4572864321608041,1.849246231155779,284.0,inf
31,A305720,A280940,"('KODEX 2차전지산업', 'technology,manufacturing')","('KODEX 골드선물인버스(H)', 'commodity,inverse')",1.0,-0.085427,3.150219,0.9789482877416203,5.635910773368555,0.29407517844353775,0.914572864321608,0.9365005920559949,0.7336683417085427,1.185929648241206,inf,inf
32,A091180,A305720,"('KODEX 자동차', 'technology,manufacturing')","('KODEX 2차전지산업', 'technology,manufacturing')",1.0,-0.497487,3.060785,0.8395104619238956,1.221726254353801,0.22487233134297982,0.5025125628140703,0.758066607367907,0.5025125628140703,1.1256281407035176,inf,inf
33,A091180,A228800,"('KODEX 자동차', 'technology,manufacturing')","('TIGER 여행레저', 'retail')",1.0,-0.336683,3.012436,0.977635265693371,1.251608054079775,0.20016995537321425,0.6633165829145728,0.9015346122551838,0.6733668341708543,1.2160804020100502,inf,inf
34,A091180,A161510,"('KODEX 자동차', 'technology,manufacturing')","('ARIRANG 고배당주', 'high-dividend')",1.0,-0.698492,3.036114,1.0686024808139925,0.5358478664710012,0.204048753136076,0.3015075376884422,0.5886671635055506,0.30150753768844224,1.3768844221105527,inf,inf
35,A091180,A150460,"('KODEX 자동차', 'technology,manufacturing')","('TIGER 중국소비테마', 'china,retail')",1.0,-0.668342,3.069163,0.42381021822934395,3.858243841242225,0.17576273499268882,0.3316582914572864,0.46385833558027045,0.25125628140703515,0.5728643216080402,inf,304.0
36,A091180,A228810,"('KODEX 자동차', 'technology,manufacturing')","('TIGER 미디어컨텐츠', 'retail')",1.0,-0.306533,3.009427,1.2515587349613497,0.6540656063600342,0.22613361981724991,0.6934673366834171,0.9452388534599613,0.6934673366834171,1.5678391959798996,inf,inf
37,A091180,A139220,"('KODEX 자동차', 'technology,manufacturing')","('TIGER 200 건설', 'utilities')",1.0,-0.668342,3.113656,0.45037622070248956,3.0525993109549883,0.1911727953717545,0.3316582914572864,0.4815264447523695,0.25125628140703515,0.6331658291457286,inf,298.0
38,A091180,A117680,"('KODEX 자동차', 'technology,manufacturing')","('KODEX 철강', 'commodity')",1.0,-0.407035,3.040588,0.8130918504895688,2.347286130400042,0.20066614426737173,0.592964824120603,0.8233960966180269,0.5728643216080402,1.0050251256281406,inf,309.0
39,A091180,A174350,"('KODEX 자동차', 'technology,manufacturing')","('TIGER 로우볼', 'volatility')",1.0,-1.0,3.086337,0.37638063885094764,1.104775316620384,0.19510460666239812,0.0,0.25182253967311774,0.0,0.6532663316582915,inf,inf
40,A091180,A244670,"('KODEX 자동차', 'technology,manufacturing')","('KODEX 밸류Plus', 'value')",1.0,-0.839196,3.1266,0.23865375037653844,4.036499787056979,0.1672014709617015,0.16080402010050254,0.2623320579171957,0.08040201005025126,0.3919597989949749,inf,298.0
41,A091180,A322150,"('KODEX 자동차', 'technology,manufacturing')","('KINDEX 스마트하이베타', 'factor-model')",1.0,-1.0,3.347731,0.013949408799507939,7.946655891783587,0.15138746673496917,0.0,0.05863270777479879,0.0,0.1306532663316583,252.0,230.0
42,A091180,A337120,"('KODEX 자동차', 'technology,manufacturing')","('KODEX Fn멀티팩터', 'factor-model')",1.0,-1.0,3.315198,0.0489932880209153,5.674093140149181,0.15778920099692795,1.1102230246251565e-16,0.09943784196383043,0.0,0.18090452261306533,256.0,310.0
43,A091180,A147970,"('KODEX 자동차', 'technology,manufacturing')","('TIGER 모멘텀', 'momentum')",1.0,-1.0,3.191785,0.2543747376946355,1.6815758278813002,0.18878588811347866,0.0,0.23210673374882473,0.0,0.49246231155778897,inf,inf
44,A091180,A243880,"('KODEX 자동차', 'technology,manufacturing')","('TIGER 200IT레버리지', 'leverage,technology')",1.0,-0.316583,3.209824,0.7170430444034108,4.576225954082434,0.18956384820285158,0.6834170854271356,0.7741403785791516,0.542713567839196,0.864321608040201,inf,230.0
45,A091180,A153130,"('KODEX 자동차', 'technology,manufacturing')","('KODEX 단기채권', 'bond')",1.0,1.0,2.965263,2.284328995290622,1.8146060965712525,0.2371279693421191,2.0,2.2626875195105036,0.0,0.0,inf,200.0
46,A091180,A148070,"('KODEX 자동차', 'technology,manufacturing')","('KOSEF 국고채10년', 'bond')",1.0,0.155779,2.965511,1.5029847018799356,1.5285500172430202,0.23713238602862327,1.155778894472362,1.4392267915403738,1.155778894472362,1.7487437185929648,inf,inf
47,A091180,A332620,"('KODEX 자동차', 'technology,manufacturing')","('ARIRANG 미국장기우량회사채', 'US,bond')",1.0,0.407035,2.976234,1.8393186953573353,1.4593658789822803,0.23365683624452885,1.407035175879397,1.7361985308772832,1.407035175879397,2.0,inf,inf
48,A091180,A182490,"('KODEX 자동차', 'technology,manufacturing')","('TIGER 단기선진하이일드(합성 H)', 'global,high-yield')",1.0,-0.59799,2.96906,0.6467065746070016,1.9760694938556884,0.23736470558880018,0.40201005025125625,0.6483111831391725,0.35175879396984927,0.9045226130653267,inf,inf
49,A091180,A292770,"('KODEX 자동차', 'technology,manufacturing')","('KODEX 국채선물3년인버스', 'inverse,bond')",1.0,-0.256281,2.965252,1.0716631402128094,1.6059492411908878,0.23678132381880773,0.7437185929648241,1.0206200497324,0.7437185929648241,1.3266331658291457,inf,inf
50,A091180,A123310,"('KODEX 자동차', 'technology,manufacturing')","('TIGER 인버스', 'inverse')",1.0,1.0,3.273819,2.0713816268672436,4.080702898656708,0.1608536879952507,2.0,2.1221423720677794,0.0,0.0,inf,200.0
51,A091180,A292340,"('KODEX 자동차', 'technology,manufacturing')","('마이티 200커버드콜ATM레버리지', 'option,leverage')",1.0,-0.648241,3.121318,0.4304682171592491,4.755790758625299,0.1817549777717574,0.3517587939698492,0.4886120565735871,0.271356783919598,0.5728643216080402,inf,303.0
52,A091180,A166400,"('KODEX 자동차', 'technology,manufacturing')","('TIGER 200커버드콜5%OTM', 'option')",1.0,-0.98995,3.115241,0.045952398414654594,7.897005556165315,0.1849958914244963,0.01005025125628145,0.10305266443472916,0.0,0.18090452261306533,334.0,305.0
53,A091180,A271050,"('KODEX 자동차', 'technology,manufacturing')","('KODEX WTI원유선물인버스(H)', 'commodity,inverse')",1.0,0.035176,2.967374,1.46597097185284,1.3040272239422357,0.23681690089645374,1.035175879396985,1.3483294370351355,1.035175879396985,1.728643216080402,inf,inf
54,A091180,A132030,"('KODEX 자동차', 'technology,manufacturing')","('KODEX 골드선물(H)', 'commodity')",1.0,0.115578,2.96635,1.40180077900281,1.835861375476604,0.23646897366653782,1.1155778894472361,1.3821351762223837,1.0954773869346734,1.6381909547738693,inf,inf
55,A091180,A138910,"('KODEX 자동차', 'technology,manufacturing')","('KODEX 구리선물(H)', 'commodity')",1.0,-0.266332,2.984354,1.1382674277586111,1.1223339994843924,0.22897685010668603,0.7336683417085427,1.0071801512461034,0.7336683417085427,1.4170854271356783,inf,inf
56,A091180,A316300,"('KODEX 자동차', 'technology,manufacturing')","('KINDEX 싱가포르리츠', 'singapore,real-estate')",1.0,-0.386935,2.971111,0.9533608907020953,1.4440743577013273,0.23452585942206408,0.6130653266331658,0.8866039546019817,0.6130653266331658,1.2261306532663316,inf,inf
57,A091180,A352560,"('KODEX 자동차', 'technology,manufacturing')","('KODEX 다우존스미국리츠(H)', 'US,real-estate')",1.0,-0.417085,2.994099,1.028437733294832,0.9067253774838916,0.22164595397374612,0.5829145728643216,0.8385507075156231,0.5829145728643216,1.3266331658291457,inf,inf
58,A091180,A250780,"('KODEX 자동차', 'technology,manufacturing')","('TIGER 코스닥150선물인버스', 'inverse')",1.0,0.60804,3.087623,1.8631135131037102,1.7229004502554575,0.20153907210869323,1.6080402010050252,1.8441573900095016,1.5879396984924623,2.0,inf,inf
59,A091180,A295020,"('KODEX 자동차', 'technology,manufacturing')","('KBSTAR 국채선물10년인버스', 'inverse,bond')",1.0,-0.175879,2.965537,1.178535111790453,1.5023447516245283,0.23697614363255887,0.8241206030150754,1.1097514833834259,0.8241206030150754,1.4371859296482412,inf,inf
60,A091180,A217780,"('KODEX 자동차', 'technology,manufacturing')","('TIGER 차이나CSI300인버스(합성)', 'china,inverse')",1.0,0.527638,3.001321,1.7115571930699018,1.7958602775813348,0.22964189999576895,1.5276381909547738,1.721463392283922,1.407035175879397,1.92964824120603,inf,inf
61,A091180,A225030,"('KODEX 자동차', 'technology,manufacturing')","('TIGER 미국S&P500선물인버스(H)', 'US,inverse')",1.0,0.839196,3.073144,0.07269862923369641,-0.1859616352017926,0.20926706348949264,1.8391959798994975,2.1089087339804733,0.0,1.849246231155779,inf,200.0
62,A091180,A373530,"('KODEX 자동차', 'technology,manufacturing')","('ARIRANG 신흥국MSCI인버스(합성 H)', 'emerging-market,inverse')",1.0,0.738693,3.045879,1.86450762802344,2.3942886128767937,0.20948724755916248,1.7386934673366834,1.9106091936195826,1.6180904522613067,2.0,inf,313.0
63,A091180,A280940,"('KODEX 자동차', 'technology,manufacturing')","('KODEX 골드선물인버스(H)', 'commodity,inverse')",1.0,-0.125628,2.966493,1.1496557062900965,1.8909428078604267,0.23646660735238767,0.8743718592964824,1.1365902929288696,0.8442211055276382,1.3869346733668342,inf,inf
64,A228800,A305720,"('TIGER 여행레저', 'retail')","('KODEX 2차전지산업', 'technology,manufacturing')",1.0,-0.296482,3.111539,0.7754295349445733,6.415509903234284,0.284391264980566,0.7035175879396985,0.7860593675446239,0.5527638190954774,0.9748743718592965,inf,inf
65,A228800,A091180,"('TIGER 여행레저', 'retail')","('KODEX 자동차', 'technology,manufacturing')",1.0,-0.266332,3.120867,0.783395956740938,7.291655655710085,0.27366857191483623,0.7336683417085427,0.7524590816293376,0.5728643216080402,0.964824120603015,314.0,inf
66,A228800,A161510,"('TIGER 여행레저', 'retail')","('ARIRANG 고배당주', 'high-dividend')",1.0,-0.839196,3.208514,0.257930473786181,5.218924915213871,0.2530712107263199,0.16080402010050254,0.27339911364108793,0.04020100502512563,0.4723618090452261,inf,inf
67,A228800,A150460,"('TIGER 여행레저', 'retail')","('TIGER 중국소비테마', 'china,retail')",1.0,-1.0,3.54634,-0.025844416980610026,6.620766506765369,0.18197058369918137,0.0,-0.1137999562733698,0.0,0.1306532663316583,200.0,inf
68,A228800,A228810,"('TIGER 여행레저', 'retail')","('TIGER 미디어컨텐츠', 'retail')",1.0,-0.497487,3.240233,0.548800570326259,3.231612175507487,0.25267864175591986,0.5025125628140703,0.5654838135165864,0.2914572864321608,0.7839195979899498,inf,inf
69,A228800,A139220,"('TIGER 여행레저', 'retail')","('TIGER 200 건설', 'utilities')",1.0,-0.59799,3.223158,0.4314204177051789,8.491740601296183,0.23990232547679874,0.40201005025125625,0.3860831622758186,0.2613065326633166,0.5829145728643216,inf,inf
70,A228800,A117680,"('TIGER 여행레저', 'retail')","('KODEX 철강', 'commodity')",1.0,-0.326633,3.135521,0.7536980640907757,7.860336680319117,0.2707397492378933,0.6733668341708543,0.733047495871187,0.5527638190954774,0.9246231155778895,inf,inf
71,A228800,A174350,"('TIGER 여행레저', 'retail')","('TIGER 로우볼', 'volatility')",1.0,-1.0,3.264516,0.07883313094798952,6.168745221009596,0.23874459569706832,0.0,0.07352596635210062,0.010050251256281407,0.271356783919598,252.0,inf
72,A228800,A244670,"('TIGER 여행레저', 'retail')","('KODEX 밸류Plus', 'value')",1.0,-0.939698,3.359084,0.055812466685193234,7.481586602022212,0.21383825867735054,0.06030150753768848,-0.03647956329095958,0.0,0.22110552763819097,200.0,inf
73,A228800,A322150,"('TIGER 여행레저', 'retail')","('KINDEX 스마트하이베타', 'factor-model')",1.0,-0.718593,3.226879,0.2726200518050774,5.400575867893732,0.237529597953949,0.2814070351758794,0.22083864701659572,0.07035175879396985,0.4623115577889447,332.0,inf
74,A228800,A337120,"('TIGER 여행레저', 'retail')","('KODEX Fn멀티팩터', 'factor-model')",1.0,-0.798995,3.223876,0.20700202491375772,6.306048748363487,0.23858949052294423,0.20100502512562812,0.15615531202190225,0.020100502512562814,0.3919597989949749,261.0,inf
75,A228800,A147970,"('TIGER 여행레저', 'retail')","('TIGER 모멘텀', 'momentum')",1.0,-0.778894,3.222052,0.29556363990349155,6.515951507521376,0.2393904489564962,0.22110552763819113,0.2829917828255105,0.11055276381909548,0.4723618090452261,inf,inf
76,A228800,A243880,"('TIGER 여행레저', 'retail')","('TIGER 200IT레버리지', 'leverage,technology')",1.0,-0.175879,3.150353,0.8458083261646498,5.548448867148314,0.2709221420854452,0.8241206030150754,0.8156181737895333,0.6130653266331658,1.0452261306532664,inf,inf
77,A228800,A153130,"('TIGER 여행레저', 'retail')","('KODEX 단기채권', 'bond')",1.0,1.0,3.073839,2.085916114094289,6.825071826837335,0.3030178172712349,2.0,2.0843909461894867,0.0,0.0,inf,200.0
78,A228800,A148070,"('TIGER 여행레저', 'retail')","('KOSEF 국고채10년', 'bond')",1.0,0.386935,3.076748,1.50713994955149,5.944994486214448,0.30360261844666186,1.3869346733668342,1.5140698263876293,1.256281407035176,1.7085427135678393,inf,inf
79,A228800,A332620,"('TIGER 여행레저', 'retail')","('ARIRANG 미국장기우량회사채', 'US,bond')",1.0,0.477387,3.092463,1.6436993411932366,5.255091118114965,0.2980302769781268,1.4773869346733668,1.6387158035245966,1.3869346733668342,1.849246231155779,inf,inf
80,A228800,A182490,"('TIGER 여행레저', 'retail')","('TIGER 단기선진하이일드(합성 H)', 'global,high-yield')",1.0,-0.527638,3.077356,0.5434267751145805,7.083212552781377,0.3021570966273209,0.4723618090452262,0.5429936127164644,0.31155778894472363,0.7537688442211056,inf,inf
81,A228800,A292770,"('TIGER 여행레저', 'retail')","('KODEX 국채선물3년인버스', 'inverse,bond')",1.0,0.376884,3.073935,1.4579979539829073,6.927944250456329,0.3027168882408982,1.3768844221105527,1.455060631574956,1.2261306532663316,1.6482412060301508,inf,inf
82,A228800,A123310,"('TIGER 여행레저', 'retail')","('TIGER 인버스', 'inverse')",1.0,0.929648,3.234154,1.931462478465539,5.503544746446376,0.2378365041936103,1.92964824120603,1.8837998927161004,1.728643216080402,2.0,332.0,228.0
83,A228800,A292340,"('TIGER 여행레저', 'retail')","('마이티 200커버드콜ATM레버리지', 'option,leverage')",1.0,-0.557789,3.213108,0.4615317858992784,5.825101460814568,0.2476974344670376,0.44221105527638194,0.41915557411785553,0.2613065326633166,0.6532663316582915,inf,inf
84,A228800,A166400,"('TIGER 여행레저', 'retail')","('TIGER 200커버드콜5%OTM', 'option')",1.0,-0.819095,3.196864,0.17744583922363047,6.0948249812161235,0.25151734995454506,0.18090452261306533,0.12592218996428228,0.0,0.38190954773869346,261.0,inf
85,A228800,A271050,"('TIGER 여행레저', 'retail')","('KODEX WTI원유선물인버스(H)', 'commodity,inverse')",1.0,0.065327,3.08809,1.2270117714432651,5.094517050019718,0.29904079716297294,1.065326633165829,1.238344345937264,0.964824120603015,1.4371859296482412,inf,inf
86,A228800,A132030,"('TIGER 여행레저', 'retail')","('KODEX 골드선물(H)', 'commodity')",1.0,-0.075377,3.074173,1.0170507911083009,6.606837625221478,0.30364625872426515,0.9246231155778895,1.0163127854662262,0.7738693467336684,1.2160804020100502,inf,inf
87,A228800,A138910,"('TIGER 여행레저', 'retail')","('KODEX 구리선물(H)', 'commodity')",1.0,-0.296482,3.105201,0.7893803639548101,6.09480709227041,0.295149785436424,0.7035175879396985,0.7992851752991963,0.5527638190954774,0.9949748743718593,inf,inf
88,A228800,A316300,"('TIGER 여행레저', 'retail')","('KINDEX 싱가포르리츠', 'singapore,real-estate')",1.0,-0.457286,3.083859,0.6306807415740251,6.699416561869851,0.3000182985467771,0.542713567839196,0.6388476079768161,0.3919597989949749,0.8442211055276382,inf,inf
89,A228800,A352560,"('TIGER 여행레저', 'retail')","('KODEX 다우존스미국리츠(H)', 'US,real-estate')",1.0,-0.457286,3.116884,0.6131984709070769,5.347059294219629,0.2835043554722307,0.542713567839196,0.6188004474226374,0.37185929648241206,0.8341708542713568,inf,inf
90,A228800,A250780,"('TIGER 여행레저', 'retail')","('TIGER 코스닥150선물인버스', 'inverse')",1.0,0.527638,3.186709,1.5997644271226779,5.418668515524901,0.25450260442235384,1.5276381909547738,1.589758379368193,1.3768844221105527,1.7688442211055277,inf,inf
91,A228800,A295020,"('TIGER 여행레저', 'retail')","('KBSTAR 국채선물10년인버스', 'inverse,bond')",1.0,-0.517588,3.078179,0.6143530461420529,5.662239494681083,0.3038031766318697,0.4824120603015075,0.6227713883877413,0.36180904522613067,0.8442211055276382,inf,inf
92,A228800,A217780,"('TIGER 여행레저', 'retail')","('TIGER 차이나CSI300인버스(합성)', 'china,inverse')",1.0,0.286432,3.086644,1.339123106043765,6.453729895510202,0.29934385289396803,1.2864321608040201,1.3361585060444485,1.105527638190955,1.5276381909547738,inf,inf
93,A228800,A225030,"('TIGER 여행레저', 'retail')","('TIGER 미국S&P500선물인버스(H)', 'US,inverse')",1.0,0.60804,3.141795,1.6831590244434123,4.696389941272508,0.2733779147721794,1.6080402010050252,1.6991588839800489,1.4371859296482412,1.8693467336683418,inf,inf
94,A228800,A373530,"('TIGER 여행레저', 'retail')","('ARIRANG 신흥국MSCI인버스(합성 H)', 'emerging-market,inverse')",1.0,0.61809,3.14395,1.63849918172003,6.988004342906983,0.2769557321328347,1.6180904522613067,1.6275001328137026,1.4271356783919598,1.7989949748743719,inf,inf
95,A228800,A280940,"('TIGER 여행레저', 'retail')","('KODEX 골드선물인버스(H)', 'commodity,inverse')",1.0,0.095477,3.074608,1.1910982745533625,6.506198001452453,0.30362768058564876,1.0954773869346734,1.190688369736688,0.9547738693467337,1.3869346733668342,inf,inf
96,A161510,A305720,"('ARIRANG 고배당주', 'high-dividend')","('KODEX 2차전지산업', 'technology,manufacturing')",1.0,-0.165829,3.657158,0.8254972985085881,13.487262388681298,0.16091240710758672,0.8341708542713568,0.8032871510124298,0.7336683417085427,0.9045226130653267,296.0,inf
97,A161510,A091180,"('ARIRANG 고배당주', 'high-dividend')","('KODEX 자동차', 'technology,manufacturing')",1.0,-0.18593,3.691679,0.7905681072870727,9.97948933981747,0.1510760186359801,0.8140703517587939,0.7375994180442031,0.6934673366834171,0.8743718592964824,283.0,inf
98,A161510,A228800,"('ARIRANG 고배당주', 'high-dividend')","('TIGER 여행레저', 'retail')",1.0,-0.286432,3.755614,0.6925795575392457,13.08682670126793,0.14068075098818464,0.7135678391959799,0.661168516153761,0.6130653266331658,0.7638190954773869,296.0,inf
99,A161510,A150460,"('ARIRANG 고배당주', 'high-dividend')","('TIGER 중국소비테마', 'china,retail')",1.0,-0.447236,3.804906,0.4861215757900091,3.8090679158563763,0.13621350041908736,0.5527638190954774,0.43494262464194733,0.35175879396984927,0.6030150753768845,310.0,inf
100,A161510,A228810,"('ARIRANG 고배당주', 'high-dividend')","('TIGER 미디어컨텐츠', 'retail')",1.0,-0.175879,3.675279,0.8055200437658492,16.03877963729667,0.15955976205312566,0.8241206030150754,0.787922000311678,0.7135678391959799,0.8743718592964824,310.0,250.0
101,A161510,A139220,"('ARIRANG 고배당주', 'high-dividend')","('TIGER 200 건설', 'utilities')",1.0,-0.386935,3.811642,0.5763766990609777,7.651091902698402,0.13877385441994847,0.6130653266331658,0.5177827515034961,0.4723618090452261,0.6633165829145728,310.0,inf
102,A161510,A117680,"('ARIRANG 고배당주', 'high-dividend')","('KODEX 철강', 'commodity')",1.0,-0.326633,3.83206,0.6676746406008539,8.168361161386382,0.13197102447088088,0.6733668341708543,0.6161872125654656,0.5728643216080402,0.7437185929648241,257.0,inf
103,A161510,A174350,"('ARIRANG 고배당주', 'high-dividend')","('TIGER 로우볼', 'volatility')",1.0,-1.0,4.451188,-0.010113530803960933,10.551389711361297,0.07628916888111274,0.0,-0.04333431695362078,0.0,0.04020100502512563,200.0,inf
104,A161510,A244670,"('ARIRANG 고배당주', 'high-dividend')","('KODEX 밸류Plus', 'value')",1.0,-0.59799,3.983601,0.0606772132964745,0.5587883209984947,0.11449757527539893,0.40201005025125625,0.25641131621958857,0.0,0.4020100502512563,inf,inf
105,A161510,A322150,"('ARIRANG 고배당주', 'high-dividend')","('KINDEX 스마트하이베타', 'factor-model')",1.0,-0.497487,3.85478,0.4040976787337665,2.8342522751337076,0.12756561993041735,0.5025125628140703,0.37151605215308525,0.2613065326633166,0.5226130653266332,310.0,inf
106,A161510,A337120,"('ARIRANG 고배당주', 'high-dividend')","('KODEX Fn멀티팩터', 'factor-model')",1.0,-0.577889,3.884113,0.3297735654834991,2.7277201080350184,0.12486406418905632,0.42211055276381915,0.29781047643317904,0.19095477386934673,0.45226130653266333,308.0,inf
107,A161510,A147970,"('ARIRANG 고배당주', 'high-dividend')","('TIGER 모멘텀', 'momentum')",1.0,-0.648241,4.001883,0.3396125150854232,7.564186031845465,0.09970013198827818,0.3517587939698492,0.30155700366388616,0.2613065326633166,0.4020100502512563,303.0,inf
108,A161510,A243880,"('ARIRANG 고배당주', 'high-dividend')","('TIGER 200IT레버리지', 'leverage,technology')",1.0,-0.105528,3.712341,0.8577297854992916,9.668354436524064,0.15150124932702025,0.8944723618090452,0.8086450747495112,0.7537688442211056,0.9346733668341709,291.0,inf
109,A161510,A153130,"('ARIRANG 고배당주', 'high-dividend')","('KODEX 단기채권', 'bond')",1.0,-0.678392,3.620701,0.3264615779264595,24.47941020232111,0.1709039985480729,0.3216080402010051,0.29911705926705445,0.25125628140703515,0.3919597989949749,282.0,inf
110,A161510,A148070,"('ARIRANG 고배당주', 'high-dividend')","('KOSEF 국고채10년', 'bond')",1.0,0.507538,3.637165,1.5372432595993861,23.488342648618836,0.16873138794720546,1.5075376884422111,1.5292823821262242,1.4572864321608041,1.5979899497487438,293.0,inf
111,A161510,A332620,"('ARIRANG 고배당주', 'high-dividend')","('ARIRANG 미국장기우량회사채', 'US,bond')",1.0,0.427136,3.666585,1.4820602746737253,14.615414125917626,0.16481614030279734,1.4271356783919598,1.4641313445272102,1.3869346733668342,1.5477386934673367,280.0,inf
112,A161510,A182490,"('ARIRANG 고배당주', 'high-dividend')","('TIGER 단기선진하이일드(합성 H)', 'global,high-yield')",1.0,-0.21608,3.622582,0.7796517626727169,23.274337421724326,0.17019678983774317,0.7839195979899498,0.7493260565318256,0.7638190954773869,0.8442211055276382,200.0,inf
113,A161510,A292770,"('ARIRANG 고배당주', 'high-dividend')","('KODEX 국채선물3년인버스', 'inverse,bond')",1.0,-1.0,3.631349,0.021900928836263964,24.579079721376267,0.1688128031790108,0.0,0.0057401854532108665,0.0,0.10050251256281408,208.0,inf
114,A161510,A123310,"('ARIRANG 고배당주', 'high-dividend')","('TIGER 인버스', 'inverse')",1.0,0.577889,3.8141,1.5121006148507026,4.136405826199969,0.1326108737385315,1.5778894472361809,1.466710079257069,1.3869346733668342,1.5979899497487438,299.0,inf
115,A161510,A292340,"('ARIRANG 고배당주', 'high-dividend')","('마이티 200커버드콜ATM레버리지', 'option,leverage')",1.0,-0.326633,3.771145,0.63082487082678,6.105531366997882,0.14067828106602626,0.6733668341708543,0.5804421896900854,0.5125628140703518,0.7236180904522613,302.0,inf
116,A161510,A166400,"('ARIRANG 고배당주', 'high-dividend')","('TIGER 200커버드콜5%OTM', 'option')",1.0,-0.577889,3.818521,0.3330216160827534,3.2738925753174937,0.13431722956638087,0.42211055276381915,0.2930611050358368,0.19095477386934673,0.45226130653266333,310.0,inf
117,A161510,A271050,"('ARIRANG 고배당주', 'high-dividend')","('KODEX WTI원유선물인버스(H)', 'commodity,inverse')",1.0,0.055276,3.648951,1.0994024803203262,20.72509833385188,0.16837683788573754,1.0552763819095476,1.0987135685571607,1.015075376884422,1.1658291457286432,300.0,inf
118,A161510,A132030,"('ARIRANG 고배당주', 'high-dividend')","('KODEX 골드선물(H)', 'commodity')",1.0,-0.015075,3.62073,0.9874614836058524,24.407440184297027,0.17092763882525377,0.9849246231155779,0.9586711813505492,0.9045226130653267,1.0452261306532664,283.0,inf
119,A161510,A138910,"('ARIRANG 고배당주', 'high-dividend')","('KODEX 구리선물(H)', 'commodity')",1.0,-0.18593,3.658143,0.8119185485646432,31.561849580051888,0.16574977681373285,0.8140703517587939,0.790952368288405,0.7437185929648241,0.864321608040201,283.0,inf
120,A161510,A316300,"('ARIRANG 고배당주', 'high-dividend')","('KINDEX 싱가포르리츠', 'singapore,real-estate')",1.0,-0.155779,3.624186,0.8454702836774227,25.030165882875703,0.1700021913424957,0.8442211055276382,0.8196720674031599,0.7638190954773869,0.9045226130653267,295.0,inf
121,A161510,A352560,"('ARIRANG 고배당주', 'high-dividend')","('KODEX 다우존스미국리츠(H)', 'US,real-estate')",1.0,-0.175879,3.639794,0.817417666255369,24.304295590842457,0.16518819628661052,0.8241206030150754,0.7921159715206971,0.7437185929648241,0.8743718592964824,297.0,inf
122,A161510,A250780,"('ARIRANG 고배당주', 'high-dividend')","('TIGER 코스닥150선물인버스', 'inverse')",1.0,0.236181,3.682328,1.2294871732252182,14.327483711154544,0.1562781322725096,1.236180904522613,1.197026760776416,1.135678391959799,1.2964824120603016,296.0,inf
123,A161510,A295020,"('ARIRANG 고배당주', 'high-dividend')","('KBSTAR 국채선물10년인버스', 'inverse,bond')",1.0,-0.577889,3.638663,0.4568005745865528,21.632290610361895,0.16873597353856593,0.42211055276381915,0.45143754243354917,0.37185929648241206,0.5226130653266332,296.0,inf
124,A161510,A217780,"('ARIRANG 고배당주', 'high-dividend')","('TIGER 차이나CSI300인버스(합성)', 'china,inverse')",1.0,0.19598,3.639112,1.1750351765221538,18.8348108821732,0.16580212124554827,1.1959798994974875,1.1416701053943061,1.085427135678392,1.236180904522613,295.0,inf
125,A161510,A225030,"('ARIRANG 고배당주', 'high-dividend')","('TIGER 미국S&P500선물인버스(H)', 'US,inverse')",1.0,0.376884,3.700306,1.3638489092854376,18.592186677845636,0.15399973132699998,1.3768844221105527,1.3508453239949199,1.2864321608040201,1.4170854271356783,302.0,250.0
126,A161510,A373530,"('ARIRANG 고배당주', 'high-dividend')","('ARIRANG 신흥국MSCI인버스(합성 H)', 'emerging-market,inverse')",1.0,0.386935,3.705373,1.3492076118910559,11.790404021339118,0.14910897614249463,1.3869346733668342,1.309749248495328,1.256281407035176,1.4170854271356783,284.0,inf
127,A161510,A280940,"('ARIRANG 고배당주', 'high-dividend')","('KODEX 골드선물인버스(H)', 'commodity,inverse')",1.0,0.005025,3.620691,1.0075298350684714,24.150138684350313,0.17088814511350958,1.0050251256281406,0.9787575477418973,0.9246231155778895,1.065326633165829,283.0,inf
128,A150460,A305720,"('TIGER 중국소비테마', 'china,retail')","('KODEX 2차전지산업', 'technology,manufacturing')",1.0,-0.286432,3.469609,0.8901120451759501,2.1978067518232463,0.20880205198547963,0.7135678391959799,0.9101737904928804,0.6331658291457286,1.0954773869346734,inf,inf
129,A150460,A091180,"('TIGER 중국소비테마', 'china,retail')","('KODEX 자동차', 'technology,manufacturing')",1.0,-0.286432,3.500631,0.7992584370961155,4.488523048634423,0.18963602177514963,0.7135678391959799,0.8407588829725607,0.6231155778894473,0.9447236180904522,inf,inf
130,A150460,A228800,"('TIGER 중국소비테마', 'china,retail')","('TIGER 여행레저', 'retail')",1.0,-0.567839,3.874116,0.5951186776047238,1.4729149347488357,0.13671211164184482,0.4321608040201005,0.5850004967910845,0.4020100502512563,0.7537688442211056,inf,inf
131,A150460,A161510,"('TIGER 중국소비테마', 'china,retail')","('ARIRANG 고배당주', 'high-dividend')",1.0,-0.698492,3.580834,0.6259676002240749,1.124464846352491,0.18574188915640036,0.3015075376884422,0.5241705464579033,0.30150753768844224,0.8743718592964824,inf,inf
132,A150460,A228810,"('TIGER 중국소비테마', 'china,retail')","('TIGER 미디어컨텐츠', 'retail')",1.0,-0.407035,3.623145,1.3821944144912839,0.31183770417242174,0.1850271192825889,0.592964824120603,0.7747114645058099,0.592964824120603,1.6683417085427137,inf,inf
133,A150460,A139220,"('TIGER 중국소비테마', 'china,retail')","('TIGER 200 건설', 'utilities')",1.0,-0.537688,3.648101,0.5360575137831266,4.356981391317746,0.16661560437429165,0.4623115577889447,0.5709002249873023,0.38190954773869346,0.6633165829145728,inf,inf
134,A150460,A117680,"('TIGER 중국소비테마', 'china,retail')","('KODEX 철강', 'commodity')",1.0,-0.316583,3.508813,0.8126185252057689,4.120458238837519,0.1936807164648371,0.6834170854271356,0.857840948716329,0.6331658291457286,0.964824120603015,inf,inf
135,A150460,A174350,"('TIGER 중국소비테마', 'china,retail')","('TIGER 로우볼', 'volatility')",1.0,-0.969849,3.719759,0.270107766865805,1.388532140397035,0.15837898926834115,0.03015075376884435,0.21798351563356144,0.04020100502512563,0.4824120603015075,inf,inf
136,A150460,A244670,"('TIGER 중국소비테마', 'china,retail')","('KODEX 밸류Plus', 'value')",1.0,-0.829146,3.910845,0.19948677866520928,9.575626944971868,0.1269040913471811,0.17085427135678388,0.20988694565826205,0.11055276381909548,0.2814070351758794,inf,inf
137,A150460,A322150,"('TIGER 중국소비테마', 'china,retail')","('KINDEX 스마트하이베타', 'factor-model')",1.0,-0.668342,3.683333,0.36387839235486286,4.340273230040258,0.15360123584393656,0.3316582914572864,0.395442623390468,0.22110552763819097,0.49246231155778897,332.0,inf
138,A150460,A337120,"('TIGER 중국소비테마', 'china,retail')","('KODEX Fn멀티팩터', 'factor-model')",1.0,-0.748744,3.679453,0.29354915481558913,4.997359799765084,0.15424907962215254,0.25125628140703515,0.32870877914004437,0.16080402010050251,0.4120603015075377,332.0,inf
139,A150460,A147970,"('TIGER 중국소비테마', 'china,retail')","('TIGER 모멘텀', 'momentum')",1.0,-0.688442,3.639179,0.4755548842090288,2.337371078725405,0.16945535742526005,0.31155778894472363,0.49054785735248596,0.2814070351758794,0.6532663316582915,inf,inf
140,A150460,A243880,"('TIGER 중국소비테마', 'china,retail')","('TIGER 200IT레버리지', 'leverage,technology')",1.0,-0.175879,3.547922,0.8915524517667184,3.3513274383633274,0.18857121309021008,0.8241206030150754,0.9294181300629031,0.6934673366834171,1.0452261306532664,inf,inf
141,A150460,A153130,"('TIGER 중국소비테마', 'china,retail')","('KODEX 단기채권', 'bond')",1.0,1.0,3.396871,2.157733063116252,3.102389061372894,0.22838281764032337,2.0,2.1981909024628563,0.0,0.0,inf,200.0
142,A150460,A148070,"('TIGER 중국소비테마', 'china,retail')","('KOSEF 국고채10년', 'bond')",1.0,0.145729,3.397504,1.3364445244427763,2.681295037379981,0.2286638944583976,1.1457286432160805,1.363724104572367,1.0753768844221105,1.5376884422110553,inf,inf
143,A150460,A332620,"('TIGER 중국소비테마', 'china,retail')","('ARIRANG 미국장기우량회사채', 'US,bond')",1.0,0.296482,3.410463,1.5338796173585596,2.518226704785424,0.22559904965376285,1.2964824120603016,1.5447087273079734,1.2763819095477387,1.728643216080402,inf,inf
144,A150460,A182490,"('TIGER 중국소비테마', 'china,retail')","('TIGER 단기선진하이일드(합성 H)', 'global,high-yield')",1.0,-0.577889,3.405446,0.5571824554292101,3.232429538924684,0.2267944179520938,0.42211055276381915,0.6046657097767564,0.32160804020100503,0.7638190954773869,inf,inf
145,A150460,A292770,"('TIGER 중국소비테마', 'china,retail')","('KODEX 국채선물3년인버스', 'inverse,bond')",1.0,0.115578,3.396665,1.2769026069981568,3.0537923723819733,0.22832185894711024,1.1155778894472361,1.3159849365109781,1.035175879396985,1.4673366834170853,inf,inf
146,A150460,A123310,"('TIGER 중국소비테마', 'china,retail')","('TIGER 인버스', 'inverse')",1.0,0.839196,3.67828,1.886227000810668,4.0977790112555885,0.15703677915151062,1.8391959798994975,1.9203979698071905,1.7386934673366834,1.9798994974874373,332.0,235.0
147,A150460,A292340,"('TIGER 중국소비테마', 'china,retail')","('마이티 200커버드콜ATM레버리지', 'option,leverage')",1.0,-0.487437,3.621175,0.5768775886148784,4.4278972654033275,0.17260904425084217,0.5125628140703518,0.6176089343975583,0.4221105527638191,0.7135678391959799,inf,inf
148,A150460,A166400,"('TIGER 중국소비테마', 'china,retail')","('TIGER 200커버드콜5%OTM', 'option')",1.0,-0.768844,3.626116,0.2628281197636008,5.413242969100247,0.17031491304968907,0.23115577889447236,0.29888864589958464,0.12060301507537688,0.4020100502512563,inf,inf
149,A150460,A271050,"('TIGER 중국소비테마', 'china,retail')","('KODEX WTI원유선물인버스(H)', 'commodity,inverse')",1.0,0.055276,3.411153,1.352971604151112,1.919543256751813,0.2258220652124185,1.0552763819095476,1.3293738081362518,1.0552763819095476,1.5678391959798996,inf,inf
150,A150460,A132030,"('TIGER 중국소비테마', 'china,retail')","('KODEX 골드선물(H)', 'commodity')",1.0,-0.155779,3.402013,1.0225098045705427,2.7547654330922975,0.22738508940450006,0.8442211055276382,1.0511545028195368,0.7738693467336684,1.2261306532663316,inf,inf
151,A150460,A138910,"('TIGER 중국소비테마', 'china,retail')","('KODEX 구리선물(H)', 'commodity')",1.0,-0.266332,3.445125,0.931528461282796,2.121243974291747,0.2173712659177673,0.7336683417085427,0.9426835341984561,0.6633165829145728,1.1457286432160805,inf,inf
152,A150460,A316300,"('TIGER 중국소비테마', 'china,retail')","('KINDEX 싱가포르리츠', 'singapore,real-estate')",1.0,-0.427136,3.41389,0.7520121912084934,2.5850686611424316,0.2226432297999081,0.5728643216080402,0.7824160385233925,0.5025125628140703,0.964824120603015,inf,inf
153,A150460,A352560,"('TIGER 중국소비테마', 'china,retail')","('KODEX 다우존스미국리츠(H)', 'US,real-estate')",1.0,-0.386935,3.454593,0.8191523624785794,1.7177036269957073,0.20763063805554288,0.6130653266331658,0.8051443555469524,0.542713567839196,1.0452261306532664,inf,inf
154,A150460,A250780,"('TIGER 중국소비테마', 'china,retail')","('TIGER 코스닥150선물인버스', 'inverse')",1.0,0.527638,3.632849,1.7144469721006013,1.8060669714881763,0.17311118746716975,1.5276381909547738,1.7035583356415631,1.4874371859296482,1.8592964824120604,inf,inf
155,A150460,A295020,"('TIGER 중국소비테마', 'china,retail')","('KBSTAR 국채선물10년인버스', 'inverse,bond')",1.0,-0.18593,3.397765,1.0120759428663055,2.60601794066941,0.22869552896371828,0.8140703517587939,1.0361759392277001,0.7537688442211056,1.2261306532663316,inf,inf
156,A150460,A217780,"('TIGER 중국소비테마', 'china,retail')","('TIGER 차이나CSI300인버스(합성)', 'china,inverse')",1.0,0.366834,3.438747,1.480970319781536,2.6419971253116885,0.21834996796256462,1.3668341708542713,1.518961233290637,1.236180904522613,1.6683417085427137,inf,inf
157,A150460,A225030,"('TIGER 중국소비테마', 'china,retail')","('TIGER 미국S&P500선물인버스(H)', 'US,inverse')",1.0,0.557789,3.510038,1.9142104709216001,0.8804881826686335,0.19551231838270214,1.5577889447236182,1.762642910540504,1.5577889447236182,2.0,inf,inf
158,A150460,A373530,"('TIGER 중국소비테마', 'china,retail')","('ARIRANG 신흥국MSCI인버스(합성 H)', 'emerging-market,inverse')",1.0,0.567839,3.513118,1.650567240302393,3.0306258356758993,0.1964258008048936,1.5678391959798996,1.6976282193017131,1.4371859296482412,1.7989949748743719,inf,inf
159,A150460,A280940,"('TIGER 중국소비테마', 'china,retail')","('KODEX 골드선물인버스(H)', 'commodity,inverse')",1.0,0.135678,3.40066,1.3198139888817502,2.711206413398675,0.22757297787489117,1.135678391959799,1.346741898760755,1.065326633165829,1.5175879396984926,inf,inf
160,A228810,A305720,"('TIGER 미디어컨텐츠', 'retail')","('KODEX 2차전지산업', 'technology,manufacturing')",1.0,-0.487437,3.0963,0.6035440517941705,7.7075164369236555,0.3378095778491339,0.5125628140703518,0.5547545467377107,0.35175879396984927,0.8341708542713568,302.0,inf
161,A228810,A091180,"('TIGER 미디어컨텐츠', 'retail')","('KODEX 자동차', 'technology,manufacturing')",1.0,-0.276382,3.044886,0.8063762476017173,5.813184516289425,0.35531159014662245,0.7236180904522613,0.7043790501801985,0.5125628140703518,1.065326633165829,248.0,inf
162,A228810,A228800,"('TIGER 미디어컨텐츠', 'retail')","('TIGER 여행레저', 'retail')",1.0,-0.567839,3.167239,0.505462098463918,3.970345741185388,0.3111058259850566,0.4321608040201005,0.43587058653364874,0.21105527638190955,0.7839195979899498,inf,inf
163,A228810,A161510,"('TIGER 미디어컨텐츠', 'retail')","('ARIRANG 고배당주', 'high-dividend')",1.0,-0.59799,3.055162,0.5271709740717874,6.355782430032672,0.35030512967257715,0.40201005025125625,0.4728774051600717,0.25125628140703515,0.7839195979899498,248.0,inf
164,A228810,A150460,"('TIGER 미디어컨텐츠', 'retail')","('TIGER 중국소비테마', 'china,retail')",1.0,-0.899497,3.227108,0.0653940092602507,2.0030974505094274,0.3001591651995321,0.10050251256281406,-0.028111207671792426,0.0,0.4623115577889447,200.0,inf
165,A228810,A139220,"('TIGER 미디어컨텐츠', 'retail')","('TIGER 200 건설', 'utilities')",1.0,-0.58794,3.122509,0.4740193919351814,4.657479311617497,0.3287636219383829,0.4120603015075377,0.3625893926981051,0.18090452261306533,0.7537688442211056,inf,inf
166,A228810,A117680,"('TIGER 미디어컨텐츠', 'retail')","('KODEX 철강', 'commodity')",1.0,-0.20603,3.021591,0.9148819742382444,5.806867207737031,0.3647855223025611,0.7939698492462312,0.8296395007483868,0.7939698492462312,1.1457286432160805,208.0,inf
167,A228810,A174350,"('TIGER 미디어컨텐츠', 'retail')","('TIGER 로우볼', 'volatility')",1.0,-0.798995,3.078932,0.3166081102874736,5.717413084040847,0.3441697694707102,0.201005025125628,0.24257996575530716,0.03015075376884422,0.592964824120603,248.0,inf
168,A228810,A244670,"('TIGER 미디어컨텐츠', 'retail')","('KODEX 밸류Plus', 'value')",1.0,-0.738693,3.130638,0.29290291313631167,3.226724554515576,0.3302074084218422,0.2613065326633167,0.16922057849925076,0.0,0.6331658291457286,247.0,inf
169,A228810,A322150,"('TIGER 미디어컨텐츠', 'retail')","('KINDEX 스마트하이베타', 'factor-model')",1.0,-0.728643,3.132469,0.28255827344789447,3.693177600500818,0.3262035179576383,0.27135678391959805,0.17334788901242937,0.0,0.6030150753768845,248.0,inf
170,A228810,A337120,"('TIGER 미디어컨텐츠', 'retail')","('KODEX Fn멀티팩터', 'factor-model')",1.0,-0.798995,3.128908,0.2299778968663847,3.759195941496295,0.32648726138244355,0.20100502512562812,0.12082535803783634,0.0,0.5527638190954774,242.0,inf
171,A228810,A147970,"('TIGER 미디어컨텐츠', 'retail')","('TIGER 모멘텀', 'momentum')",1.0,-0.668342,3.088572,0.4436509252579385,5.343849933116991,0.34280878088298017,0.3316582914572864,0.3622526400402959,0.15075376884422112,0.7236180904522613,250.0,inf
172,A228810,A243880,"('TIGER 미디어컨텐츠', 'retail')","('TIGER 200IT레버리지', 'leverage,technology')",1.0,-0.20603,3.098744,0.8331916508372766,4.846860714333635,0.3392456566778874,0.7939698492462312,0.7331937122630248,0.5326633165829145,1.0954773869346734,252.0,inf
173,A228810,A153130,"('TIGER 미디어컨텐츠', 'retail')","('KODEX 단기채권', 'bond')",1.0,1.0,3.000596,2.120031399808958,6.890894254146122,0.3717591694197688,2.0,2.049060992205421,0.0,0.0,inf,200.0
174,A228810,A148070,"('TIGER 미디어컨텐츠', 'retail')","('KOSEF 국고채10년', 'bond')",1.0,-0.085427,3.000678,1.0335150149198609,6.865999611580583,0.37151897118614025,0.914572864321608,0.9614545861466585,0.7437185929648241,1.2864321608040201,255.0,inf
175,A228810,A332620,"('TIGER 미디어컨텐츠', 'retail')","('ARIRANG 미국장기우량회사채', 'US,bond')",1.0,0.346734,3.008924,1.521655932726125,6.080769012868478,0.3680554996879737,1.3467336683417086,1.4533029927422023,1.3467336683417086,1.7487437185929648,230.0,inf
176,A228810,A182490,"('TIGER 미디어컨텐츠', 'retail')","('TIGER 단기선진하이일드(합성 H)', 'global,high-yield')",1.0,-1.0,3.013858,0.0889094602473249,7.27246828859193,0.36736955143284317,0.0,0.017661782129466896,0.0,0.37185929648241206,207.0,inf
177,A228810,A292770,"('TIGER 미디어컨텐츠', 'retail')","('KODEX 국채선물3년인버스', 'inverse,bond')",1.0,1.0,3.008175,2.101006150073353,6.581145043664492,0.3680355790890623,2.0,2.022741846164565,0.0,0.0,inf,200.0
178,A228810,A123310,"('TIGER 미디어컨텐츠', 'retail')","('TIGER 인버스', 'inverse')",1.0,0.949749,3.140815,1.9732756084872904,3.816395762780283,0.32402053197089087,1.949748743718593,1.8656259118836522,1.6381909547738693,2.0,326.0,inf
179,A228810,A292340,"('TIGER 미디어컨텐츠', 'retail')","('마이티 200커버드콜ATM레버리지', 'option,leverage')",1.0,-0.537688,3.109298,0.5133692156688738,4.437537217738132,0.332035484307666,0.4623115577889447,0.4080123069927418,0.21105527638190955,0.7939698492462312,328.0,inf
180,A228810,A166400,"('TIGER 미디어컨텐츠', 'retail')","('TIGER 200커버드콜5%OTM', 'option')",1.0,-0.839196,3.109974,0.1776243045056977,3.918655351653336,0.33454136954682984,0.16080402010050265,0.06692563611544355,0.0,0.5025125628140703,227.0,inf
181,A228810,A271050,"('TIGER 미디어컨텐츠', 'retail')","('KODEX WTI원유선물인버스(H)', 'commodity,inverse')",1.0,0.065327,3.01186,1.2493773319891561,6.6975044843579115,0.3677087292985568,1.065326633165829,1.2030143919531981,0.964824120603015,1.4974874371859297,332.0,inf
182,A228810,A132030,"('TIGER 미디어컨텐츠', 'retail')","('KODEX 골드선물(H)', 'commodity')",1.0,-0.115578,3.001926,1.0108181602401525,6.918281032757876,0.37131986286269597,0.8844221105527639,0.9415037120221307,0.7236180904522613,1.256281407035176,255.0,inf
183,A228810,A138910,"('TIGER 미디어컨텐츠', 'retail')","('KODEX 구리선물(H)', 'commodity')",1.0,-0.21608,3.015027,0.9030863519978163,6.92634983703342,0.3666488575372082,0.7839195979899498,0.8428842949841706,0.6231155778894473,1.155778894472362,248.0,inf
184,A228810,A316300,"('TIGER 미디어컨텐츠', 'retail')","('KINDEX 싱가포르리츠', 'singapore,real-estate')",1.0,-0.658291,3.019526,0.46214963094458517,6.854913064334114,0.36511684262982846,0.34170854271356776,0.40506115883803995,0.25125628140703515,0.7336683417085427,247.0,inf
185,A228810,A352560,"('TIGER 미디어컨텐츠', 'retail')","('KODEX 다우존스미국리츠(H)', 'US,real-estate')",1.0,-0.487437,3.042434,0.6092695001221526,7.4786324869208105,0.3523381811352481,0.5125628140703518,0.552380228359595,0.35175879396984927,0.8542713567839196,337.0,inf
186,A228810,A250780,"('TIGER 미디어컨텐츠', 'retail')","('TIGER 코스닥150선물인버스', 'inverse')",1.0,0.798995,3.25164,1.8904071478012556,5.457202813441781,0.281019503934707,1.7989949748743719,1.8112741513401105,1.6482412060301508,2.0,258.0,inf
187,A228810,A295020,"('TIGER 미디어컨텐츠', 'retail')","('KBSTAR 국채선물10년인버스', 'inverse,bond')",1.0,0.115578,3.000749,1.2323226262422542,6.861632390195879,0.3714377209444713,1.1155778894472361,1.159413842212618,0.9447236180904522,1.4773869346733668,255.0,inf
188,A228810,A217780,"('TIGER 미디어컨텐츠', 'retail')","('TIGER 차이나CSI300인버스(합성)', 'china,inverse')",1.0,0.497487,3.035306,1.5551333456176168,7.056380296056377,0.3594093419368874,1.4974874371859297,1.4819608258640318,1.2763819095477387,1.778894472361809,293.0,inf
189,A228810,A225030,"('TIGER 미디어컨텐츠', 'retail')","('TIGER 미국S&P500선물인버스(H)', 'US,inverse')",1.0,0.809045,3.109967,1.8988063287509491,7.870273549398565,0.32742847206443326,1.8090452261306533,1.8650926488476416,1.6482412060301508,2.0,inf,inf
190,A228810,A373530,"('TIGER 미디어컨텐츠', 'retail')","('ARIRANG 신흥국MSCI인버스(합성 H)', 'emerging-market,inverse')",1.0,0.718593,3.082221,1.7610266388695632,5.887107947501819,0.3408236763955923,1.7185929648241207,1.6795139184003558,1.4773869346733668,1.9798994974874373,248.0,inf
191,A228810,A280940,"('TIGER 미디어컨텐츠', 'retail')","('KODEX 골드선물인버스(H)', 'commodity,inverse')",1.0,0.085427,3.00127,1.2135226440780758,6.914756218502015,0.3714244271802451,1.085427135678392,1.1447950225649475,0.9246231155778895,1.4572864321608041,255.0,inf
192,A139220,A305720,"('TIGER 200 건설', 'utilities')","('KODEX 2차전지산업', 'technology,manufacturing')",1.0,-0.386935,3.336777,0.6860346026285182,7.395287501483237,0.24244192180385127,0.6130653266331658,0.7805933814489179,0.5025125628140703,0.8442211055276382,inf,inf
193,A139220,A091180,"('TIGER 200 건설', 'utilities')","('KODEX 자동차', 'technology,manufacturing')",1.0,-0.386935,3.386053,0.6493958402608839,13.288903767793906,0.22184394477052524,0.6130653266331658,0.6868223660267316,0.5226130653266332,0.7638190954773869,276.0,inf
194,A139220,A228800,"('TIGER 200 건설', 'utilities')","('TIGER 여행레저', 'retail')",1.0,-0.427136,3.387133,0.625804023255717,11.494337309394803,0.2109908254251099,0.5728643216080402,0.7119788839668728,0.49246231155778897,0.7437185929648241,328.0,inf
195,A139220,A161510,"('TIGER 200 건설', 'utilities')","('ARIRANG 고배당주', 'high-dividend')",1.0,-0.829146,3.428461,0.293115658539582,4.2072982042977705,0.217186848017493,0.17085427135678377,0.3705470045153224,0.09045226130653267,0.4824120603015075,inf,inf
196,A139220,A150460,"('TIGER 200 건설', 'utilities')","('TIGER 중국소비테마', 'china,retail')",1.0,-0.738693,3.488987,0.27440629079819634,21.202037863953745,0.19448839732796872,0.2613065326633166,0.2882128844275772,0.18090452261306533,0.36180904522613067,282.0,inf
197,A139220,A228810,"('TIGER 200 건설', 'utilities')","('TIGER 미디어컨텐츠', 'retail')",1.0,-0.366834,3.359443,0.708662690249843,4.015650299456369,0.2332808363158808,0.6331658291457286,0.7906880309733159,0.4824120603015075,0.9045226130653267,inf,inf
198,A139220,A117680,"('TIGER 200 건설', 'utilities')","('KODEX 철강', 'commodity')",1.0,-0.487437,3.460396,0.5935124324963394,10.80913524693061,0.20724944356913966,0.5125628140703518,0.6445157647011069,0.4623115577889447,0.7035175879396985,inf,inf
199,A139220,A174350,"('TIGER 200 건설', 'utilities')","('TIGER 로우볼', 'volatility')",1.0,-1.0,3.482767,0.09131734909857209,6.062934489464715,0.2042086795059266,0.0,0.16089018033037483,0.0,0.2613065326633166,287.0,inf
200,A139220,A244670,"('TIGER 200 건설', 'utilities')","('KODEX 밸류Plus', 'value')",1.0,-0.889447,3.626887,0.12139179069740874,20.493444156888465,0.1798098631191906,0.11055276381909551,0.1111421746308836,0.03015075376884422,0.21105527638190955,246.0,inf
201,A139220,A322150,"('TIGER 200 건설', 'utilities')","('KINDEX 스마트하이베타', 'factor-model')",1.0,-0.809045,3.54677,0.18275681924471943,11.761434632429085,0.18977095785770176,0.19095477386934656,0.19875562481396525,0.07035175879396985,0.2914572864321608,273.0,inf
202,A139220,A337120,"('TIGER 200 건설', 'utilities')","('KODEX Fn멀티팩터', 'factor-model')",1.0,-0.899497,3.542047,0.10547272690037855,15.265571262181684,0.18959855751644367,0.10050251256281395,0.12601250431063193,0.0,0.21105527638190955,269.0,inf
203,A139220,A147970,"('TIGER 200 건설', 'utilities')","('TIGER 모멘텀', 'momentum')",1.0,-0.959799,3.631889,0.11778149055439294,7.866776914854194,0.17768868846402225,0.04020100502512558,0.18284376029657312,0.0,0.24120603015075376,inf,inf
204,A139220,A243880,"('TIGER 200 건설', 'utilities')","('TIGER 200IT레버리지', 'leverage,technology')",1.0,-0.19598,3.374963,0.8245310038429159,9.606323425622538,0.23177171585440337,0.8040201005025126,0.8715860494061791,0.6633165829145728,0.9547738693467337,287.0,inf
205,A139220,A153130,"('TIGER 200 건설', 'utilities')","('KODEX 단기채권', 'bond')",1.0,-1.0,3.237526,0.10301717690030535,7.4008512597792455,0.2641694961059546,0.0,0.18364553669635086,0.0,0.30150753768844224,282.0,inf
206,A139220,A148070,"('TIGER 200 건설', 'utilities')","('KOSEF 국고채10년', 'bond')",1.0,-0.085427,3.237692,1.0047783869851,8.20493436865813,0.2641235313412243,0.914572864321608,1.0841487541089985,0.8140703517587939,1.1658291457286432,318.0,inf
207,A139220,A332620,"('TIGER 200 건설', 'utilities')","('ARIRANG 미국장기우량회사채', 'US,bond')",1.0,0.316583,3.248524,1.4693599066721512,5.708335720636591,0.2612620050606264,1.3165829145728642,1.5413626552895434,1.2462311557788945,1.6381909547738693,318.0,inf
208,A139220,A182490,"('TIGER 200 건설', 'utilities')","('TIGER 단기선진하이일드(합성 H)', 'global,high-yield')",1.0,-0.386935,3.240374,0.6946066584785494,8.478245630523825,0.26336129916808065,0.6130653266331658,0.7763158324913564,0.5025125628140703,0.8542713567839196,337.0,inf
209,A139220,A292770,"('TIGER 200 건설', 'utilities')","('KODEX 국채선물3년인버스', 'inverse,bond')",1.0,0.236181,3.237702,1.3263058289784067,8.225647455404484,0.26440969490800265,1.236180904522613,1.4062610332946586,1.135678391959799,1.4773869346733668,318.0,inf
210,A139220,A123310,"('TIGER 200 건설', 'utilities')","('TIGER 인버스', 'inverse')",1.0,0.979899,3.513017,1.9867751841411665,12.091955025905504,0.19750941235655908,1.9798994974874373,2.014054039573419,1.8592964824120604,2.0,285.0,200.0
211,A139220,A292340,"('TIGER 200 건설', 'utilities')","('마이티 200커버드콜ATM레버리지', 'option,leverage')",1.0,-0.537688,3.42764,0.48959122429892576,13.761065948241608,0.21120739549225045,0.4623115577889447,0.5307064749550819,0.36180904522613067,0.592964824120603,292.0,inf
212,A139220,A166400,"('TIGER 200 건설', 'utilities')","('TIGER 200커버드콜5%OTM', 'option')",1.0,-0.819095,3.420399,0.18653080640621653,14.957086338113365,0.21894951574290322,0.18090452261306533,0.2132864039425565,0.06030150753768844,0.30150753768844224,286.0,inf
213,A139220,A271050,"('TIGER 200 건설', 'utilities')","('KODEX WTI원유선물인버스(H)', 'commodity,inverse')",1.0,0.045226,3.24456,1.1988635434528996,5.368196656963745,0.2625339791578946,1.0452261306532664,1.2801675717667746,0.9748743718592965,1.3768844221105527,inf,inf
214,A139220,A132030,"('TIGER 200 건설', 'utilities')","('KODEX 골드선물(H)', 'commodity')",1.0,-0.145729,3.24087,0.9559946493783371,7.231387651113984,0.26329141306127735,0.8542713567839196,1.0345885403894486,0.7537688442211056,1.1256281407035176,318.0,inf
215,A139220,A138910,"('TIGER 200 건설', 'utilities')","('KODEX 구리선물(H)', 'commodity')",1.0,-0.256281,3.268751,0.8399691909049817,6.564361155982271,0.2574685217950555,0.7437185929648241,0.9261139261119906,0.6331658291457286,1.015075376884422,inf,inf
216,A139220,A316300,"('TIGER 200 건설', 'utilities')","('KINDEX 싱가포르리츠', 'singapore,real-estate')",1.0,-0.507538,3.255109,0.5881421186658943,7.327799198956518,0.25866830332974144,0.49246231155778897,0.6765976981664127,0.3919597989949749,0.7638190954773869,inf,inf
217,A139220,A352560,"('TIGER 200 건설', 'utilities')","('KODEX 다우존스미국리츠(H)', 'US,real-estate')",1.0,-0.336683,3.270286,0.746667885041043,6.644032257898239,0.2518715077930365,0.6633165829145728,0.8305257217168178,0.5527638190954774,0.914572864321608,inf,inf
218,A139220,A250780,"('TIGER 200 건설', 'utilities')","('TIGER 코스닥150선물인버스', 'inverse')",1.0,0.517588,3.393833,1.5901514543538213,8.98958050490821,0.22248026071291513,1.5175879396984926,1.6676097886814312,1.4371859296482412,1.7085427135678393,318.0,inf
219,A139220,A295020,"('TIGER 200 건설', 'utilities')","('KBSTAR 국채선물10년인버스', 'inverse,bond')",1.0,0.015075,3.237491,1.1110458210787466,7.819483324273978,0.26433068822003314,1.015075376884422,1.1913187390941735,0.914572864321608,1.2663316582914572,318.0,inf
220,A139220,A217780,"('TIGER 200 건설', 'utilities')","('TIGER 차이나CSI300인버스(합성)', 'china,inverse')",1.0,0.286432,3.255609,1.345596068454586,7.880705270989193,0.2609792667630141,1.2864321608040201,1.4235227200227227,1.155778894472362,1.4974874371859297,318.0,inf
221,A139220,A225030,"('TIGER 200 건설', 'utilities')","('TIGER 미국S&P500선물인버스(H)', 'US,inverse')",1.0,0.557789,3.318071,1.6466635763672623,5.138005292699825,0.2413120146214582,1.5577889447236182,1.7362071682454083,1.4371859296482412,1.7989949748743719,inf,inf
222,A139220,A373530,"('TIGER 200 건설', 'utilities')","('ARIRANG 신흥국MSCI인버스(합성 H)', 'emerging-market,inverse')",1.0,0.527638,3.30714,1.5643036323751687,9.123933347235232,0.24606901524705085,1.5276381909547738,1.6362549811783298,1.3969849246231156,1.6984924623115578,293.0,inf
223,A139220,A280940,"('TIGER 200 건설', 'utilities')","('KODEX 골드선물인버스(H)', 'commodity,inverse')",1.0,0.105528,3.239396,1.2093168063541104,7.221862732520806,0.26368857210103225,1.105527638190955,1.2886159769026364,1.0050251256281406,1.3668341708542713,318.0,inf
224,A117680,A305720,"('KODEX 철강', 'commodity')","('KODEX 2차전지산업', 'technology,manufacturing')",1.0,-0.326633,3.082324,0.6981171410035603,3.354956019600941,0.250645087641993,0.6733668341708543,0.7586327419575105,0.44221105527638194,0.9246231155778895,inf,245.0
225,A117680,A091180,"('KODEX 철강', 'commodity')","('KODEX 자동차', 'technology,manufacturing')",1.0,-0.346734,3.112915,0.6264771513961936,6.171825997015784,0.23517089883609865,0.6532663316582915,0.6539752363462975,0.4321608040201005,0.7939698492462312,298.0,245.0
226,A117680,A228800,"('KODEX 철강', 'commodity')","('TIGER 여행레저', 'retail')",1.0,-0.356784,3.099415,0.6369036211029793,6.374797508635632,0.2354256202552695,0.6432160804020101,0.7048385091615872,0.45226130653266333,0.8040201005025126,312.0,245.0
227,A117680,A161510,"('KODEX 철강', 'commodity')","('ARIRANG 고배당주', 'high-dividend')",1.0,-1.0,3.248144,0.08430786059644278,2.0104324929085147,0.20808890753953307,0.0,0.12037705774326801,0.0,0.35175879396984927,277.0,inf
228,A117680,A150460,"('KODEX 철강', 'commodity')","('TIGER 중국소비테마', 'china,retail')",1.0,-0.638191,3.149633,0.3135701635794214,9.99114466167178,0.22285628378983938,0.36180904522613067,0.325384147472493,0.1708542713567839,0.45226130653266333,299.0,245.0
229,A117680,A228810,"('KODEX 철강', 'commodity')","('TIGER 미디어컨텐츠', 'retail')",1.0,-0.19598,3.058464,0.8227531577443044,3.6177071039172066,0.26436929470700266,0.8040201005025126,0.8870929036736452,0.5628140703517588,1.0452261306532664,inf,245.0
230,A117680,A139220,"('KODEX 철강', 'commodity')","('TIGER 200 건설', 'utilities')",1.0,-0.728643,3.260323,0.22265838123116272,7.917230534540118,0.2085465582024785,0.27135678391959805,0.23572953943078512,0.07035175879396985,0.37185929648241206,inf,245.0
231,A117680,A174350,"('KODEX 철강', 'commodity')","('TIGER 로우볼', 'volatility')",1.0,-1.0,3.246291,0.026271590268903276,3.757625979624742,0.2002850505132913,0.0,0.07704274078964723,0.0,0.23115577889447236,276.0,249.0
232,A117680,A244670,"('KODEX 철강', 'commodity')","('KODEX 밸류Plus', 'value')",1.0,-1.0,3.343359,-0.07123813214136718,11.399679605326988,0.18014716387414445,0.0,-0.10527181758569593,0.0,0.06030150753768844,200.0,249.0
233,A117680,A322150,"('KODEX 철강', 'commodity')","('KINDEX 스마트하이베타', 'factor-model')",1.0,-0.748744,3.191154,0.17371163454127497,6.0018830277456665,0.2215149819701422,0.25125628140703515,0.18787300939384077,0.0,0.35175879396984927,299.0,248.0
234,A117680,A337120,"('KODEX 철강', 'commodity')","('KODEX Fn멀티팩터', 'factor-model')",1.0,-0.889447,3.217636,0.041564002708371656,6.5312579329457146,0.2109896446224688,0.11055276381909551,0.0539157669388588,0.0,0.21105527638190955,264.0,249.0
235,A117680,A147970,"('KODEX 철강', 'commodity')","('TIGER 모멘텀', 'momentum')",1.0,-1.0,3.339223,0.006709692955273089,5.467458597820395,0.18231346286844022,0.0,0.05732693486535423,0.0,0.1708542713567839,276.0,243.0
236,A117680,A243880,"('KODEX 철강', 'commodity')","('TIGER 200IT레버리지', 'leverage,technology')",1.0,-0.145729,3.088597,0.822722229416479,5.912597881557332,0.25413244968381143,0.8542713567839196,0.8662294557695225,0.6130653266331658,1.0050251256281406,299.0,245.0
237,A117680,A153130,"('KODEX 철강', 'commodity')","('KODEX 단기채권', 'bond')",1.0,-1.0,3.037442,0.03885368592389189,4.9049609399806595,0.2690063197828273,0.0,0.09979809715562327,0.0,0.2914572864321608,274.0,249.0
238,A117680,A148070,"('KODEX 철강', 'commodity')","('KOSEF 국고채10년', 'bond')",1.0,0.386935,3.040373,1.4567142265980462,4.125351128648703,0.2681868659383203,1.3869346733668342,1.517586600825176,1.206030150753769,1.6582914572864322,317.0,249.0
239,A117680,A332620,"('KODEX 철강', 'commodity')","('ARIRANG 미국장기우량회사채', 'US,bond')",1.0,0.567839,3.062375,1.695328144702624,4.119673766943964,0.26454263353809443,1.5678391959798996,1.7461360942071398,1.4472361809045227,1.8894472361809045,300.0,249.0
240,A117680,A182490,"('KODEX 철강', 'commodity')","('TIGER 단기선진하이일드(합성 H)', 'global,high-yield')",1.0,-0.658291,3.042972,0.34969889338889776,5.070621666523076,0.2674259535430531,0.34170854271356776,0.4109779532000085,0.12060301507537688,0.5728643216080402,317.0,249.0
241,A117680,A292770,"('KODEX 철강', 'commodity')","('KODEX 국채선물3년인버스', 'inverse,bond')",1.0,-1.0,3.040507,0.06755272672944754,4.147305374524186,0.2671230961217071,0.0,0.12611724319647888,0.0,0.3316582914572864,276.0,249.0
242,A117680,A123310,"('KODEX 철강', 'commodity')","('TIGER 인버스', 'inverse')",1.0,0.849246,3.156039,1.7940231935006075,6.141712774254355,0.2322308193869972,1.849246231155779,1.8186927745471761,1.6080402010050252,1.92964824120603,299.0,245.0
243,A117680,A292340,"('KODEX 철강', 'commodity')","('마이티 200커버드콜ATM레버리지', 'option,leverage')",1.0,-0.497487,3.138251,0.46412679709322346,6.756537256102143,0.23367519653883723,0.5025125628140703,0.49523240913225886,0.2814070351758794,0.6331658291457286,305.0,245.0
244,A117680,A166400,"('KODEX 철강', 'commodity')","('TIGER 200커버드콜5%OTM', 'option')",1.0,-0.758794,3.13311,0.17988300597626816,6.933007384553442,0.24098051614360075,0.2412060301507537,0.2004387639961479,0.0,0.36180904522613067,299.0,249.0
245,A117680,A271050,"('KODEX 철강', 'commodity')","('KODEX WTI원유선물인버스(H)', 'commodity,inverse')",1.0,0.095477,3.061349,1.2783869384119457,2.57473673463803,0.2645630880878697,1.0954773869346734,1.3101726025979568,0.9748743718592965,1.5175879396984926,inf,249.0
246,A117680,A132030,"('KODEX 철강', 'commodity')","('KODEX 골드선물(H)', 'commodity')",1.0,-0.125628,3.039013,0.909826856986718,5.027399313521213,0.26972334344660215,0.8743718592964824,0.9704806605787357,0.6733668341708543,1.105527638190955,314.0,245.0
247,A117680,A138910,"('KODEX 철강', 'commodity')","('KODEX 구리선물(H)', 'commodity')",1.0,-0.517588,3.128588,0.515278379120789,3.6224005663777943,0.25090012450316296,0.4824120603015075,0.5857469971468826,0.271356783919598,0.7437185929648241,inf,inf
248,A117680,A316300,"('KODEX 철강', 'commodity')","('KINDEX 싱가포르리츠', 'singapore,real-estate')",1.0,-0.396985,3.044788,0.6331138735118543,5.13967506546019,0.26660031129281525,0.6030150753768845,0.7019013309607758,0.4020100502512563,0.8341708542713568,317.0,245.0
249,A117680,A352560,"('KODEX 철강', 'commodity')","('KODEX 다우존스미국리츠(H)', 'US,real-estate')",1.0,-0.296482,3.053512,0.7246378778775597,4.282478477393097,0.26108510680617997,0.7035175879396985,0.7881319689480589,0.4824120603015075,0.9346733668341709,inf,245.0
250,A117680,A250780,"('KODEX 철강', 'commodity')","('TIGER 코스닥150선물인버스', 'inverse')",1.0,0.346734,3.079897,1.3662590496351732,4.5650045948645115,0.25143119755142507,1.3467336683417086,1.4220446698350844,1.135678391959799,1.5477386934673367,314.0,245.0
251,A117680,A295020,"('KODEX 철강', 'commodity')","('KBSTAR 국채선물10년인버스', 'inverse,bond')",1.0,-0.396985,3.03995,0.6744936583145709,4.116774326569775,0.26825908804235765,0.6030150753768845,0.7352352881222294,0.4221105527638191,0.8944723618090452,317.0,249.0
252,A117680,A217780,"('KODEX 철강', 'commodity')","('TIGER 차이나CSI300인버스(합성)', 'china,inverse')",1.0,0.236181,3.045463,1.2370191972518685,4.67541270616028,0.26635600374008744,1.236180904522613,1.2965485486239834,0.9949748743718593,1.4271356783919598,311.0,245.0
253,A117680,A225030,"('KODEX 철강', 'commodity')","('TIGER 미국S&P500선물인버스(H)', 'US,inverse')",1.0,0.557789,3.08968,1.5900391413178943,2.891429614899296,0.25048088142394365,1.5577889447236182,1.6523597287046807,1.3165829145728642,1.7989949748743719,inf,245.0
254,A117680,A373530,"('KODEX 철강', 'commodity')","('ARIRANG 신흥국MSCI인버스(합성 H)', 'emerging-market,inverse')",1.0,0.547739,3.086809,1.5143801806173591,4.798729024675929,0.25258790167432893,1.5477386934673367,1.5698762895517462,1.2864321608040201,1.6884422110552764,305.0,245.0
255,A117680,A280940,"('KODEX 철강', 'commodity')","('KODEX 골드선물인버스(H)', 'commodity,inverse')",1.0,0.135678,3.039248,1.176088461614735,4.882767232087798,0.26912931019222214,1.135678391959799,1.2364587169249317,0.9346733668341709,1.3668341708542713,316.0,245.0
256,A174350,A305720,"('TIGER 로우볼', 'volatility')","('KODEX 2차전지산업', 'technology,manufacturing')",1.0,-0.175879,3.79232,0.8239810848858083,13.177327023440307,0.14328155891080235,0.8241206030150754,0.8363070012911638,0.7336683417085427,0.8944723618090452,313.0,inf
257,A174350,A091180,"('TIGER 로우볼', 'volatility')","('KODEX 자동차', 'technology,manufacturing')",1.0,-0.21608,3.861629,0.7677865737569318,13.338723938463403,0.1290539909992815,0.7839195979899498,0.742683502602604,0.6934673366834171,0.8241206030150754,291.0,inf
258,A174350,A228800,"('TIGER 로우볼', 'volatility')","('TIGER 여행레저', 'retail')",1.0,-0.286432,3.933347,0.7021499542853797,23.14128716845888,0.1189422602771541,0.7135678391959799,0.7045028331073817,0.0,0.0,inf,200.0
259,A174350,A161510,"('TIGER 로우볼', 'volatility')","('ARIRANG 고배당주', 'high-dividend')",1.0,-0.798995,4.571341,0.21155916005102945,10.255441672924002,0.06827849266037746,0.20100502512562812,0.23900785487282894,0.1708542713567839,0.25125628140703515,inf,303.0
260,A174350,A150460,"('TIGER 로우볼', 'volatility')","('TIGER 중국소비테마', 'china,retail')",1.0,-0.487437,4.063564,0.46312064901157124,4.7162490605439915,0.10356137525328446,0.5125628140703518,0.4298694605613107,0.37185929648241206,0.542713567839196,inf,inf
261,A174350,A228810,"('TIGER 로우볼', 'volatility')","('TIGER 미디어컨텐츠', 'retail')",1.0,-0.18593,3.818697,0.8033463074134651,11.07712205138133,0.14025855038142002,0.8140703517587939,0.8206532400746485,0.7135678391959799,0.8743718592964824,inf,248.0
262,A174350,A139220,"('TIGER 로우볼', 'volatility')","('TIGER 200 건설', 'utilities')",1.0,-0.376884,3.985894,0.6021550956474969,13.426890543081964,0.11679586969509557,0.6231155778894473,0.5729532528634691,0.5326633165829145,0.6532663316582915,inf,inf
263,A174350,A117680,"('TIGER 로우볼', 'volatility')","('KODEX 철강', 'commodity')",1.0,-0.296482,3.956399,0.7108941229637034,21.856754435003666,0.11457930293016241,0.7035175879396985,0.6925020192344029,0.6532663316582915,0.7537688442211056,249.0,inf
264,A174350,A244670,"('TIGER 로우볼', 'volatility')","('KODEX 밸류Plus', 'value')",1.0,-0.58794,4.244699,0.30973673836003945,1.645399400722929,0.08545083139286652,0.4120603015075377,0.3117971379619232,0.0,0.0,inf,200.0
265,A174350,A322150,"('TIGER 로우볼', 'volatility')","('KINDEX 스마트하이베타', 'factor-model')",1.0,-0.497487,4.064864,0.44043976513235694,4.484866125825006,0.10561212002936579,0.5025125628140703,0.41485036910670603,0.3417085427135678,0.5226130653266332,310.0,inf
266,A174350,A337120,"('TIGER 로우볼', 'volatility')","('KODEX Fn멀티팩터', 'factor-model')",1.0,-0.58794,4.129511,0.35452760699993335,4.233061063301007,0.0995981697250083,0.4120603015075377,0.32939409121784524,0.2613065326633166,0.4321608040201005,310.0,inf
267,A174350,A147970,"('TIGER 로우볼', 'volatility')","('TIGER 모멘텀', 'momentum')",1.0,-0.60804,4.188626,0.39324175331427913,19.48886751162667,0.08784746534971362,0.3919597989949749,0.38656070650799834,0.35175879396984927,0.4321608040201005,259.0,inf
268,A174350,A243880,"('TIGER 로우볼', 'volatility')","('TIGER 200IT레버리지', 'leverage,technology')",1.0,-0.125628,3.900642,0.8414149558981672,10.5601804786772,0.12861461101988444,0.8743718592964824,0.8205830533415036,0.7537688442211056,0.9045226130653267,291.0,inf
269,A174350,A153130,"('TIGER 로우볼', 'volatility')","('KODEX 단기채권', 'bond')",1.0,1.0,3.740536,2.006200383547155,23.69806100498,0.15294805557212524,2.0,2.010864979837386,0.0,0.0,inf,200.0
270,A174350,A148070,"('TIGER 로우볼', 'volatility')","('KOSEF 국고채10년', 'bond')",1.0,0.346734,3.750405,1.3766345139756775,16.77317621000176,0.15123341660193976,1.3467336683417086,1.39651958035409,1.2964824120603016,1.4371859296482412,311.0,inf
271,A174350,A332620,"('TIGER 로우볼', 'volatility')","('ARIRANG 미국장기우량회사채', 'US,bond')",1.0,0.326633,3.774012,1.3789176330160022,12.62364744783646,0.148116840243776,1.3266331658291457,1.3920173100975015,1.2864321608040201,1.4472361809045227,296.0,inf
272,A174350,A182490,"('TIGER 로우볼', 'volatility')","('TIGER 단기선진하이일드(합성 H)', 'global,high-yield')",1.0,-0.19598,3.742396,0.8079831674214527,23.71385521879999,0.15268389481192005,0.8040201005025126,0.8135115171706775,0.7939698492462312,0.864321608040201,254.0,inf
273,A174350,A292770,"('TIGER 로우볼', 'volatility')","('KODEX 국채선물3년인버스', 'inverse,bond')",1.0,-0.979899,3.751014,0.050796998189830585,15.82751272331237,0.14940961870497008,0.02010050251256268,0.0685264755866275,0.0,0.1306532663316583,296.0,inf
274,A174350,A123310,"('TIGER 로우볼', 'volatility')","('TIGER 인버스', 'inverse')",1.0,0.61809,4.048714,1.5694609229965966,5.252615560511913,0.10731125423467584,1.6180904522613067,1.5443563425139255,1.4773869346733668,1.6281407035175879,310.0,inf
275,A174350,A292340,"('TIGER 로우볼', 'volatility')","('마이티 200커버드콜ATM레버리지', 'option,leverage')",1.0,-0.336683,3.955587,0.6360156760581481,8.874280051718465,0.11728241611740634,0.6633165829145728,0.6116831632142301,0.5527638190954774,0.7035175879396985,311.0,inf
276,A174350,A166400,"('TIGER 로우볼', 'volatility')","('TIGER 200커버드콜5%OTM', 'option')",1.0,-0.577889,4.002866,0.36429685663375794,5.0103786347709685,0.1114283496696139,0.42211055276381915,0.3363954219894576,0.271356783919598,0.45226130653266333,311.0,inf
277,A174350,A271050,"('TIGER 로우볼', 'volatility')","('KODEX WTI원유선물인버스(H)', 'commodity,inverse')",1.0,0.035176,3.756974,1.0734144092183502,15.305818335449633,0.15056525182467936,1.035175879396985,1.0965068973620178,0.9849246231155779,1.135678391959799,318.0,inf
278,A174350,A132030,"('TIGER 로우볼', 'volatility')","('KODEX 골드선물(H)', 'commodity')",1.0,-0.055276,3.741766,0.9554143286822284,23.242350095929186,0.15293074397789316,0.9447236180904522,0.9625263788441403,0.8844221105527639,1.015075376884422,299.0,inf
279,A174350,A138910,"('TIGER 로우볼', 'volatility')","('KODEX 구리선물(H)', 'commodity')",1.0,-0.155779,3.773802,0.8501788480172269,25.44211433978039,0.14920749871645048,0.8442211055276382,0.8638850878679158,0.7839195979899498,0.9045226130653267,300.0,inf
280,A174350,A316300,"('TIGER 로우볼', 'volatility')","('KINDEX 싱가포르리츠', 'singapore,real-estate')",1.0,-0.155779,3.744954,0.8530269395217519,23.964600409355242,0.1517594313347339,0.8442211055276382,0.8630063843567806,0.7839195979899498,0.9045226130653267,300.0,inf
281,A174350,A352560,"('TIGER 로우볼', 'volatility')","('KODEX 다우존스미국리츠(H)', 'US,real-estate')",1.0,-0.20603,3.772066,0.7934591334642028,20.598760350012167,0.1445897085043429,0.7939698492462312,0.8043600233953413,0.7236180904522613,0.8442211055276382,314.0,248.0
282,A174350,A250780,"('TIGER 로우볼', 'volatility')","('TIGER 코스닥150선물인버스', 'inverse')",1.0,0.276382,3.855519,1.2771726587296872,13.780290746820494,0.1328078679658977,1.2763819095477387,1.2784122963901823,1.1959798994974875,1.3366834170854272,310.0,inf
283,A174350,A295020,"('TIGER 로우볼', 'volatility')","('KBSTAR 국채선물10년인버스', 'inverse,bond')",1.0,-0.407035,3.751798,0.6274108536487345,15.315076976296746,0.15108333858878017,0.592964824120603,0.6491136202245036,0.542713567839196,0.6934673366834171,313.0,inf
284,A174350,A217780,"('TIGER 로우볼', 'volatility')","('TIGER 차이나CSI300인버스(합성)', 'china,inverse')",1.0,0.18593,3.761791,1.174292484377107,18.725417297253998,0.14946237718118768,1.185929648241206,1.1763790759763244,1.0954773869346734,1.2261306532663316,300.0,inf
285,A174350,A225030,"('TIGER 로우볼', 'volatility')","('TIGER 미국S&P500선물인버스(H)', 'US,inverse')",1.0,0.386935,3.847551,1.3822818919759892,13.351425817417537,0.1351588257025255,1.3869346733668342,1.4042428268911238,1.306532663316583,1.4371859296482412,inf,235.0
286,A174350,A373530,"('TIGER 로우볼', 'volatility')","('ARIRANG 신흥국MSCI인버스(합성 H)', 'emerging-market,inverse')",1.0,0.386935,3.847335,1.3593538302228185,14.166721614165802,0.13195033810011655,1.3869346733668342,1.3530835654489486,1.2864321608040201,1.4170854271356783,296.0,inf
287,A174350,A280940,"('TIGER 로우볼', 'volatility')","('KODEX 골드선물인버스(H)', 'commodity,inverse')",1.0,0.055276,3.741827,1.0671928055048614,22.807830849336028,0.15282850606922577,1.0552763819095476,1.0749088306338896,0.9949748743718593,1.1256281407035176,300.0,inf
288,A244670,A305720,"('KODEX 밸류Plus', 'value')","('KODEX 2차전지산업', 'technology,manufacturing')",1.0,-0.296482,3.513511,0.9043341803407958,1.609622511769326,0.19516581708270775,0.7035175879396985,0.8948479595678664,0.6432160804020101,1.1155778894472361,inf,inf
289,A244670,A091180,"('KODEX 밸류Plus', 'value')","('KODEX 자동차', 'technology,manufacturing')",1.0,-0.326633,3.590739,0.7340924071685941,5.048615409271061,0.16810920592779968,0.6733668341708543,0.7847472088621401,0.5829145728643216,0.8542713567839196,313.0,inf
290,A244670,A228800,"('KODEX 밸류Plus', 'value')","('TIGER 여행레저', 'retail')",1.0,-0.457286,3.71477,0.6844024604945838,1.7673011715993718,0.15062623226503385,0.542713567839196,0.7005288056966518,0.4824120603015075,0.8442211055276382,inf,inf
291,A244670,A161510,"('KODEX 밸류Plus', 'value')","('ARIRANG 고배당주', 'high-dividend')",1.0,-0.869347,3.792209,-0.32037377749439927,-0.5363087673354283,0.14596882202169653,0.1306532663316583,0.3528366749764493,0.0,0.1407035175879397,inf,200.0
292,A244670,A150460,"('KODEX 밸류Plus', 'value')","('TIGER 중국소비테마', 'china,retail')",1.0,-0.778894,3.943508,0.22864269886735467,17.975307441588424,0.11932710514587877,0.22110552763819102,0.26122978143828823,0.1708542713567839,0.2814070351758794,317.0,247.0
293,A244670,A228810,"('KODEX 밸류Plus', 'value')","('TIGER 미디어컨텐츠', 'retail')",1.0,-0.316583,3.559304,1.1289725514318774,0.5634179611257445,0.19067744716376167,0.6834170854271356,0.8651277949715362,0.6834170854271356,1.407035175879397,inf,inf
294,A244670,A139220,"('KODEX 밸류Plus', 'value')","('TIGER 200 건설', 'utilities')",1.0,-0.60804,3.818691,0.43706793808235295,5.506974027633992,0.14415803811299427,0.3919597989949749,0.4830355698927089,0.31155778894472363,0.542713567839196,inf,250.0
295,A244670,A117680,"('KODEX 밸류Plus', 'value')","('KODEX 철강', 'commodity')",1.0,-0.457286,3.735216,0.6449489433971125,4.853061222699369,0.147205383825278,0.542713567839196,0.6989206324613917,0.5125628140703518,0.7537688442211056,inf,inf
296,A244670,A174350,"('KODEX 밸류Plus', 'value')","('TIGER 로우볼', 'volatility')",1.0,-1.0,3.927925,-1.9984714756308777,-0.11140470405934177,0.12405981136183504,0.0,0.18231455837534316,0.0,0.010050251256281407,inf,200.0
297,A244670,A322150,"('KODEX 밸류Plus', 'value')","('KINDEX 스마트하이베타', 'factor-model')",1.0,-0.738693,3.847363,0.2671194083392023,4.713774317887104,0.12754696502015783,0.2613065326633166,0.30530563099963726,0.15075376884422112,0.37185929648241206,313.0,inf
298,A244670,A337120,"('KODEX 밸류Plus', 'value')","('KODEX Fn멀티팩터', 'factor-model')",1.0,-0.829146,3.859163,0.18705083139427786,6.158311777799325,0.1269009142733136,0.17085427135678388,0.2296917975382814,0.08040201005025126,0.2814070351758794,307.0,inf
299,A244670,A147970,"('KODEX 밸류Plus', 'value')","('TIGER 모멘텀', 'momentum')",1.0,-0.849246,3.917789,0.44603758246546815,0.8433795784963388,0.11978185226810323,0.1507537688442212,0.31885894954039307,0.15075376884422112,0.6130653266331658,inf,inf
300,A244670,A243880,"('KODEX 밸류Plus', 'value')","('TIGER 200IT레버리지', 'leverage,technology')",1.0,-0.18593,3.620194,0.856475451923873,3.888205998263686,0.17349998602198277,0.8140703517587939,0.9087085966319615,0.6834170854271356,0.9949748743718593,315.0,inf
301,A244670,A153130,"('KODEX 밸류Plus', 'value')","('KODEX 단기채권', 'bond')",1.0,1.0,3.429527,2.143707091981434,3.062029889798697,0.21388323920851984,2.0,2.1931795382127293,0.0,0.0,inf,200.0
302,A244670,A148070,"('KODEX 밸류Plus', 'value')","('KOSEF 국고채10년', 'bond')",1.0,0.19598,3.430923,1.3876727002786533,2.4104889831609766,0.21385333551332067,1.1959798994974875,1.413743089924038,1.135678391959799,1.5778894472361809,inf,inf
303,A244670,A332620,"('KODEX 밸류Plus', 'value')","('ARIRANG 미국장기우량회사채', 'US,bond')",1.0,0.407035,3.45758,1.6628124096542891,2.2730091483907056,0.20913812903944792,1.407035175879397,1.6666905495795086,1.407035175879397,1.8391959798994975,327.0,inf
304,A244670,A182490,"('KODEX 밸류Plus', 'value')","('TIGER 단기선진하이일드(합성 H)', 'global,high-yield')",1.0,-0.527638,3.437062,0.5973784893794003,3.115212769883969,0.2118044350719269,0.4723618090452262,0.6517822047397069,0.37185929648241206,0.7939698492462312,inf,inf
305,A244670,A292770,"('KODEX 밸류Plus', 'value')","('KODEX 국채선물3년인버스', 'inverse,bond')",1.0,-0.346734,3.42995,0.8309237748579789,2.5706313264730243,0.21349976512229132,0.6532663316582915,0.8635781891255438,0.592964824120603,1.035175879396985,337.0,inf
306,A244670,A123310,"('KODEX 밸류Plus', 'value')","('TIGER 인버스', 'inverse')",1.0,0.889447,3.787028,1.9135781722993603,4.7358123608106135,0.14057538456933075,1.8894472361809045,1.9582765384361074,1.7889447236180904,1.9899497487437185,313.0,250.0
307,A244670,A292340,"('KODEX 밸류Plus', 'value')","('마이티 200커버드콜ATM레버리지', 'option,leverage')",1.0,-0.507538,3.699951,0.5357792832407323,5.158914949626573,0.15225827643371148,0.49246231155778897,0.5884108832884788,0.4020100502512563,0.6432160804020101,335.0,250.0
308,A244670,A166400,"('KODEX 밸류Plus', 'value')","('TIGER 200커버드콜5%OTM', 'option')",1.0,-0.839196,3.741731,0.16801223331479778,6.584790379720899,0.14965015997022313,0.16080402010050265,0.211044182122752,0.05025125628140704,0.2814070351758794,315.0,inf
309,A244670,A271050,"('KODEX 밸류Plus', 'value')","('KODEX WTI원유선물인버스(H)', 'commodity,inverse')",1.0,0.045226,3.443087,1.322890468389443,1.7984790197277618,0.2114286087472178,1.0452261306532664,1.301591949811743,1.0452261306532664,1.5276381909547738,inf,inf
310,A244670,A132030,"('KODEX 밸류Plus', 'value')","('KODEX 골드선물(H)', 'commodity')",1.0,-0.115578,3.432176,1.0461252145624225,2.758790562457252,0.21404919487757434,0.8844221105527639,1.0856222580294392,0.8040201005025126,1.236180904522613,inf,inf
311,A244670,A138910,"('KODEX 밸류Plus', 'value')","('KODEX 구리선물(H)', 'commodity')",1.0,-0.306533,3.499645,0.9028700407700094,1.7197210179780822,0.20214458074324668,0.6934673366834171,0.8982076331138089,0.6331658291457286,1.1155778894472361,inf,inf
312,A244670,A316300,"('KODEX 밸류Plus', 'value')","('KINDEX 싱가포르리츠', 'singapore,real-estate')",1.0,-0.356784,3.441919,0.8099344924708747,2.5122904326204076,0.20968503860754822,0.6432160804020101,0.8468644475774136,0.5728643216080402,1.015075376884422,inf,inf
313,A244670,A352560,"('KODEX 밸류Plus', 'value')","('KODEX 다우존스미국리츠(H)', 'US,real-estate')",1.0,-0.346734,3.479376,0.8502664539130342,1.6542182508066998,0.19927882272880607,0.6532663316582915,0.841586678068794,0.5829145728643216,1.065326633165829,inf,inf
314,A244670,A250780,"('KODEX 밸류Plus', 'value')","('TIGER 코스닥150선물인버스', 'inverse')",1.0,0.477387,3.636269,1.6605760213944754,1.6727409401446005,0.1684503162321717,1.4773869346733668,1.6509829480662537,1.4271356783919598,1.8090452261306533,331.0,inf
315,A244670,A295020,"('KODEX 밸류Plus', 'value')","('KBSTAR 국채선물10년인버스', 'inverse,bond')",1.0,-0.256281,3.431646,0.9487037545836509,2.281731432896167,0.21383059086888273,0.7437185929648241,0.9676120852210236,0.6934673366834171,1.155778894472362,inf,inf
316,A244670,A217780,"('KODEX 밸류Plus', 'value')","('TIGER 차이나CSI300인버스(합성)', 'china,inverse')",1.0,0.346734,3.469013,1.4519463469685259,2.535840173342214,0.2058196230123347,1.3467336683417086,1.4966991762973052,1.2160804020100502,1.6281407035175879,inf,inf
317,A244670,A225030,"('KODEX 밸류Plus', 'value')","('TIGER 미국S&P500선물인버스(H)', 'US,inverse')",1.0,0.59799,3.572293,3.9153251390377135,0.1127209979549283,0.18036749037969807,1.5979899497487438,1.7978842900607084,1.5979899497487438,2.0,inf,inf
318,A244670,A373530,"('KODEX 밸류Plus', 'value')","('ARIRANG 신흥국MSCI인버스(합성 H)', 'emerging-market,inverse')",1.0,0.59799,3.574207,1.66793579871861,2.675197738839002,0.1792269391837339,1.5979899497487438,1.7188199769228014,1.4673366834170853,1.8090452261306533,inf,inf
319,A244670,A280940,"('KODEX 밸류Plus', 'value')","('KODEX 골드선물인버스(H)', 'commodity,inverse')",1.0,0.105528,3.431585,1.2729388530016568,2.6952387944015075,0.21395860376042927,1.105527638190955,1.3100403549476047,1.035175879396985,1.4572864321608041,337.0,inf
320,A322150,A305720,"('KINDEX 스마트하이베타', 'factor-model')","('KODEX 2차전지산업', 'technology,manufacturing')",1.0,-0.457286,3.624579,0.7961052472705394,1.4033781393685671,0.1672655917258763,0.542713567839196,0.7406917662926551,0.542713567839196,0.9849246231155779,inf,inf
321,A322150,A091180,"('KINDEX 스마트하이베타', 'factor-model')","('KODEX 자동차', 'technology,manufacturing')",1.0,-0.477387,3.803333,0.5815561756516898,9.25541305763929,0.13202349242427397,0.5226130653266332,0.6043713204090156,0.49246231155778897,0.6532663316582915,inf,inf
322,A322150,A228800,"('KINDEX 스마트하이베타', 'factor-model')","('TIGER 여행레저', 'retail')",1.0,-0.366834,3.563838,0.813472298957587,2.0369385244043516,0.15216473971782574,0.6331658291457286,0.8100274481651957,0.6231155778894473,0.964824120603015,inf,inf
323,A322150,A161510,"('KINDEX 스마트하이베타', 'factor-model')","('ARIRANG 고배당주', 'high-dividend')",1.0,-0.758794,3.64459,0.7113434964884059,0.7758298687277051,0.1498829272040105,0.2412060301507537,0.4713323943549894,0.24120603015075376,0.9246231155778895,inf,inf
324,A322150,A150460,"('KINDEX 스마트하이베타', 'factor-model')","('TIGER 중국소비테마', 'china,retail')",1.0,-0.648241,3.697229,0.41784662062157996,4.986203440186353,0.1280851076830465,0.3517587939698492,0.42942936832260026,0.30150753768844224,0.5125628140703518,inf,332.0
325,A322150,A228810,"('KINDEX 스마트하이베타', 'factor-model')","('TIGER 미디어컨텐츠', 'retail')",1.0,-0.316583,3.542389,1.0375265129482423,0.8640740646219806,0.1737818397484782,0.6834170854271356,0.876003068494512,0.6834170854271356,1.256281407035176,inf,inf
326,A322150,A139220,"('KINDEX 스마트하이베타', 'factor-model')","('TIGER 200 건설', 'utilities')",1.0,-0.567839,3.71976,0.5239528496653881,4.221191711923168,0.14084600428604083,0.4321608040201005,0.5412555810410938,0.3919597989949749,0.6331658291457286,inf,308.0
327,A322150,A117680,"('KINDEX 스마트하이베타', 'factor-model')","('KODEX 철강', 'commodity')",1.0,-0.356784,3.564241,0.7962124169208695,3.7941443404716866,0.16386516218117225,0.6432160804020101,0.8197308717020889,0.6331658291457286,0.9246231155778895,inf,inf
328,A322150,A174350,"('KINDEX 스마트하이베타', 'factor-model')","('TIGER 로우볼', 'volatility')",1.0,-0.959799,3.734959,0.2917703972815534,1.5109554997952013,0.1386163670733951,0.04020100502512558,0.23406662257577338,0.04020100502512563,0.4723618090452261,inf,inf
329,A322150,A244670,"('KINDEX 스마트하이베타', 'factor-model')","('KODEX 밸류Plus', 'value')",1.0,-0.768844,3.828598,0.2927898998578662,4.824575810245968,0.11517119970422139,0.23115577889447236,0.2880598836633935,0.19095477386934673,0.38190954773869346,inf,307.0
330,A322150,A337120,"('KINDEX 스마트하이베타', 'factor-model')","('KODEX Fn멀티팩터', 'factor-model')",1.0,-1.0,4.583423,0.027614212013911347,10.198934835715196,0.06371396051342776,1.1102230246251565e-16,0.040805134189031644,0.0,0.07035175879396985,inf,inf
331,A322150,A147970,"('KINDEX 스마트하이베타', 'factor-model')","('TIGER 모멘텀', 'momentum')",1.0,-0.849246,3.859305,0.34221919220498753,2.0892128008277497,0.13045954647681007,0.1507537688442212,0.32973422306336886,0.15075376884422112,0.4824120603015075,inf,inf
332,A322150,A243880,"('KINDEX 스마트하이베타', 'factor-model')","('TIGER 200IT레버리지', 'leverage,technology')",1.0,-0.286432,4.097578,0.7395312051265828,4.963978605424739,0.09990602143800816,0.7135678391959799,0.7626021783467953,0.6532663316582915,0.8040201005025126,311.0,inf
333,A322150,A153130,"('KINDEX 스마트하이베타', 'factor-model')","('KODEX 단기채권', 'bond')",1.0,1.0,3.410676,2.1754193648918685,3.243357267142849,0.19798760195053536,2.0,2.204054811735705,0.0,0.0,inf,200.0
334,A322150,A148070,"('KINDEX 스마트하이베타', 'factor-model')","('KOSEF 국고채10년', 'bond')",1.0,-0.075377,3.410769,1.097685866012694,3.3095601409751643,0.19765708019269113,0.9246231155778895,1.1274544755973024,0.8944723618090452,1.256281407035176,inf,inf
335,A322150,A332620,"('KINDEX 스마트하이베타', 'factor-model')","('ARIRANG 미국장기우량회사채', 'US,bond')",1.0,0.457286,3.444247,1.7659314437431672,2.2122360362919085,0.19210589814849657,1.4572864321608041,1.735289998794149,1.4572864321608041,1.9195979899497488,inf,inf
336,A322150,A182490,"('KINDEX 스마트하이베타', 'factor-model')","('TIGER 단기선진하이일드(합성 H)', 'global,high-yield')",1.0,-0.628141,3.421285,0.5169940289425529,3.6616247782691276,0.19582645881459326,0.3718592964824121,0.5584017598365271,0.32160804020100503,0.6834170854271356,inf,inf
337,A322150,A292770,"('KINDEX 스마트하이베타', 'factor-model')","('KODEX 국채선물3년인버스', 'inverse,bond')",1.0,0.658291,3.412972,1.806720720616249,3.8605153862163717,0.19747427596290443,1.6582914572864322,1.847052121638318,1.6080402010050252,1.9396984924623115,inf,inf
338,A322150,A123310,"('KINDEX 스마트하이베타', 'factor-model')","('TIGER 인버스', 'inverse')",1.0,1.0,4.469408,2.0454358853594314,5.094509050453314,0.06353714626914957,2.0,2.0635096642929804,0.0,0.0,inf,200.0
339,A322150,A292340,"('KINDEX 스마트하이베타', 'factor-model')","('마이티 200커버드콜ATM레버리지', 'option,leverage')",1.0,-0.61809,3.865615,0.4381984141654789,7.012242500407746,0.10253011279974787,0.38190954773869334,0.4662593790872168,0.36180904522613067,0.5025125628140703,inf,264.0
340,A322150,A166400,"('KINDEX 스마트하이베타', 'factor-model')","('TIGER 200커버드콜5%OTM', 'option')",1.0,-1.0,3.978544,0.016549359668941055,35.61039867500592,0.09631520159154201,1.1102230246251565e-16,0.032586656727543906,0.0,0.05025125628140704,334.0,262.0
341,A322150,A271050,"('KINDEX 스마트하이베타', 'factor-model')","('KODEX WTI원유선물인버스(H)', 'commodity,inverse')",1.0,0.035176,3.418844,1.3022747998673418,2.243878598299036,0.1973396040332967,1.035175879396985,1.2896967292603367,1.035175879396985,1.4773869346733668,inf,inf
342,A322150,A132030,"('KINDEX 스마트하이베타', 'factor-model')","('KODEX 골드선물(H)', 'commodity')",1.0,0.015075,3.41056,1.1995344837762527,3.11246398248705,0.19787533690766648,1.015075376884422,1.224804669797511,0.9849246231155779,1.35678391959799,inf,inf
343,A322150,A138910,"('KINDEX 스마트하이베타', 'factor-model')","('KODEX 구리선물(H)', 'commodity')",1.0,-0.246231,3.453283,0.9700103407392692,2.2082207013119306,0.1904796969903961,0.7537688442211056,0.9682797118885648,0.7437185929648241,1.155778894472362,inf,inf
344,A322150,A316300,"('KINDEX 스마트하이베타', 'factor-model')","('KINDEX 싱가포르리츠', 'singapore,real-estate')",1.0,-0.396985,3.426168,0.8070547014822145,2.5278751605728034,0.19397097391931356,0.6030150753768845,0.8180484220694475,0.5829145728643216,0.9849246231155779,inf,inf
345,A322150,A352560,"('KINDEX 스마트하이베타', 'factor-model')","('KODEX 다우존스미국리츠(H)', 'US,real-estate')",1.0,-0.407035,3.477271,0.8140907102239286,1.8096134042227607,0.17835961161934946,0.592964824120603,0.7902814214338166,0.5829145728643216,1.0050251256281406,inf,inf
346,A322150,A250780,"('KINDEX 스마트하이베타', 'factor-model')","('TIGER 코스닥150선물인버스', 'inverse')",1.0,0.59799,3.768266,1.7905983401122787,2.0062216043956855,0.13281519677200282,1.5979899497487438,1.7760118775696665,1.5979899497487438,1.8894472361809045,inf,inf
347,A322150,A295020,"('KINDEX 스마트하이베타', 'factor-model')","('KBSTAR 국채선물10년인버스', 'inverse,bond')",1.0,0.045226,3.410595,1.2231031885792392,3.218065108708714,0.1977919604569129,1.0452261306532664,1.250855171986353,1.015075376884422,1.3768844221105527,inf,inf
348,A322150,A217780,"('KINDEX 스마트하이베타', 'factor-model')","('TIGER 차이나CSI300인버스(합성)', 'china,inverse')",1.0,0.417085,3.466009,1.530812835220962,3.1987481710153247,0.18854470562003428,1.4170854271356783,1.5679518744214973,1.3266331658291457,1.6683417085427137,inf,inf
349,A322150,A225030,"('KINDEX 스마트하이베타', 'factor-model')","('TIGER 미국S&P500선물인버스(H)', 'US,inverse')",1.0,0.758794,3.65843,0.6190665614341689,-0.22897800451442585,0.15194732491491952,1.7587939698492463,1.969770538665011,0.0,1.7688442211055277,inf,200.0
350,A322150,A373530,"('KINDEX 스마트하이베타', 'factor-model')","('ARIRANG 신흥국MSCI인버스(합성 H)', 'emerging-market,inverse')",1.0,0.748744,3.648581,1.8214656102661606,3.39259989392185,0.14893029527660473,1.7487437185929648,1.8607108598018556,1.6683417085427137,1.9195979899497488,inf,inf
351,A322150,A280940,"('KINDEX 스마트하이베타', 'factor-model')","('KODEX 골드선물인버스(H)', 'commodity,inverse')",1.0,-0.015075,3.410559,1.1686014047320286,3.122386387730281,0.19787430330783073,0.9849246231155779,1.1941549102184885,0.9547738693467337,1.3266331658291457,inf,inf
352,A337120,A305720,"('KODEX Fn멀티팩터', 'factor-model')","('KODEX 2차전지산업', 'technology,manufacturing')",1.0,-0.386935,3.710427,0.8004301139988094,1.5308745685322402,0.148832623578928,0.6130653266331657,0.7720878988278304,0.592964824120603,0.964824120603015,inf,inf
353,A337120,A091180,"('KODEX Fn멀티팩터', 'factor-model')","('KODEX 자동차', 'technology,manufacturing')",1.0,-0.417085,3.893993,0.6203653911621898,11.252755433050142,0.11993171438987901,0.5829145728643215,0.6400666510104239,0.542713567839196,0.6834170854271356,inf,250.0
354,A337120,A228800,"('KODEX Fn멀티팩터', 'factor-model')","('TIGER 여행레저', 'retail')",1.0,-0.326633,3.670556,0.8004169568033809,2.3190533328887555,0.13325872729042704,0.6733668341708542,0.8130549223964166,0.6432160804020101,0.9246231155778895,inf,inf
355,A337120,A161510,"('KODEX Fn멀티팩터', 'factor-model')","('ARIRANG 고배당주', 'high-dividend')",1.0,-0.708543,3.78365,0.788411640219887,0.5623280420346709,0.12838249212465055,0.2914572864321606,0.4794456446457598,0.2914572864321608,0.9748743718592965,inf,inf
356,A337120,A150460,"('KODEX Fn멀티팩터', 'factor-model')","('TIGER 중국소비테마', 'china,retail')",1.0,-0.577889,3.803078,0.45997486896726747,7.1204943188285785,0.11231909689087488,0.42211055276381904,0.47333732594351907,0.37185929648241206,0.5326633165829145,inf,259.0
357,A337120,A228810,"('KODEX Fn멀티팩터', 'factor-model')","('TIGER 미디어컨텐츠', 'retail')",1.0,-0.286432,3.648539,1.0070417443273598,0.8091697752969654,0.1524229127816116,0.7135678391959798,0.8670071658774317,0.7135678391959799,1.1959798994974875,inf,inf
358,A337120,A139220,"('KODEX Fn멀티팩터', 'factor-model')","('TIGER 200 건설', 'utilities')",1.0,-0.507538,3.824774,0.551808456905439,5.14236117145014,0.12254595990186477,0.49246231155778886,0.5714675532901763,0.44221105527638194,0.6331658291457286,inf,261.0
359,A337120,A117680,"('KODEX Fn멀티팩터', 'factor-model')","('KODEX 철강', 'commodity')",1.0,-0.336683,3.700436,0.7774966363676115,4.090750431975667,0.13697239876086845,0.6633165829145727,0.8009127306566015,0.6432160804020101,0.8743718592964824,inf,305.0
360,A337120,A174350,"('KODEX Fn멀티팩터', 'factor-model')","('TIGER 로우볼', 'volatility')",1.0,-0.919598,3.909327,0.2989154380255027,1.2876289163296353,0.11445811306529279,0.08040201005025116,0.23413827906419638,0.08040201005025126,0.45226130653266333,inf,inf
361,A337120,A244670,"('KODEX Fn멀티팩터', 'factor-model')","('KODEX 밸류Plus', 'value')",1.0,-0.688442,3.950095,0.3459957685999728,7.153260859110234,0.09980730679317319,0.3115577889447235,0.34366678778407234,0.271356783919598,0.4120603015075377,inf,265.0
362,A337120,A322150,"('KODEX Fn멀티팩터', 'factor-model')","('KINDEX 스마트하이베타', 'factor-model')",1.0,-0.849246,4.709732,0.14198293303968995,21.619358543005397,0.05502203368664115,0.15075376884422087,0.14160692611247572,0.12060301507537688,0.16080402010050251,inf,237.0
363,A337120,A147970,"('KODEX Fn멀티팩터', 'factor-model')","('TIGER 모멘텀', 'momentum')",1.0,-0.768844,3.995477,0.37178490677095516,2.2729148002244184,0.11392053520393797,0.23115577889447225,0.37226786065532,0.23115577889447236,0.49246231155778897,inf,inf
364,A337120,A243880,"('KODEX Fn멀티팩터', 'factor-model')","('TIGER 200IT레버리지', 'leverage,technology')",1.0,-0.246231,4.14472,0.7634728994549749,5.4216491748503906,0.09834472306452194,0.7537688442211055,0.7845897208810206,0.6834170854271356,0.8241206030150754,321.0,inf
365,A337120,A153130,"('KODEX Fn멀티팩터', 'factor-model')","('KODEX 단기채권', 'bond')",1.0,1.0,3.520447,2.1338137614768233,3.3892283084054107,0.17354108327123063,2.0,2.1632496775466734,0.0,0.0,inf,200.0
366,A337120,A148070,"('KODEX Fn멀티팩터', 'factor-model')","('KOSEF 국고채10년', 'bond')",1.0,-0.005025,3.520232,1.1379115025207547,3.2035389680397017,0.1734739888438145,0.9949748743718592,1.1636918308507884,0.9547738693467337,1.2763819095477387,inf,inf
367,A337120,A332620,"('KODEX Fn멀티팩터', 'factor-model')","('ARIRANG 미국장기우량회사채', 'US,bond')",1.0,0.417085,3.556388,1.6722720496176673,2.2063789719681233,0.16799481642609357,1.4170854271356783,1.6483055240517854,1.4170854271356783,1.8090452261306533,inf,inf
368,A337120,A182490,"('KODEX Fn멀티팩터', 'factor-model')","('TIGER 단기선진하이일드(합성 H)', 'global,high-yield')",1.0,-0.457286,3.527257,0.657547074317282,3.69941208752745,0.17253704471811535,0.5427135678391959,0.69483134697196,0.4824120603015075,0.8040201005025126,inf,inf
369,A337120,A292770,"('KODEX Fn멀티팩터', 'factor-model')","('KODEX 국채선물3년인버스', 'inverse,bond')",1.0,0.256281,3.52069,1.385336848101056,3.535698699393115,0.17348833198621336,1.2562814070351758,1.417207523853367,1.206030150753769,1.5075376884422111,inf,inf
370,A337120,A123310,"('KODEX Fn멀티팩터', 'factor-model')","('TIGER 인버스', 'inverse')",1.0,1.0,4.560257,2.0090082617056613,12.142001478447641,0.05925633372305728,2.0,2.0227045301039492,0.0,0.0,inf,200.0
371,A337120,A292340,"('KODEX Fn멀티팩터', 'factor-model')","('마이티 200커버드콜ATM레버리지', 'option,leverage')",1.0,-0.557789,3.985054,0.47441550614918776,8.435199007204487,0.08607222990043766,0.4422110552763818,0.4980143054750422,0.4120603015075377,0.5226130653266332,inf,211.0
372,A337120,A166400,"('KODEX Fn멀티팩터', 'factor-model')","('TIGER 200커버드콜5%OTM', 'option')",1.0,-0.909548,4.060044,0.0906868744492433,46.94714764072604,0.09706505304241698,0.09045226130653261,0.09828122192999067,0.06030150753768844,0.12060301507537688,335.0,250.0
373,A337120,A271050,"('KODEX Fn멀티팩터', 'factor-model')","('KODEX WTI원유선물인버스(H)', 'commodity,inverse')",1.0,0.035176,3.531231,1.262066911881629,2.1474429355843836,0.17254814637526228,1.0351758793969847,1.248891595071305,1.035175879396985,1.4170854271356783,inf,inf
374,A337120,A132030,"('KODEX Fn멀티팩터', 'factor-model')","('KODEX 골드선물(H)', 'commodity')",1.0,0.005025,3.520236,1.148461713210329,3.195382174135868,0.17345758075020967,1.0050251256281406,1.174129755743472,0.964824120603015,1.2864321608040201,inf,inf
375,A337120,A138910,"('KODEX Fn멀티팩터', 'factor-model')","('KODEX 구리선물(H)', 'commodity')",1.0,-0.226131,3.564709,0.9423933171254776,2.2503620932725195,0.16740994611176904,0.7738693467336683,0.9472068461167931,0.7437185929648241,1.0954773869346734,inf,inf
376,A337120,A316300,"('KODEX Fn멀티팩터', 'factor-model')","('KINDEX 싱가포르리츠', 'singapore,real-estate')",1.0,-0.356784,3.535801,0.8006944166630976,2.628123575357246,0.16992220332711624,0.64321608040201,0.8169345869113578,0.6130653266331658,0.9547738693467337,inf,inf
377,A337120,A352560,"('KODEX Fn멀티팩터', 'factor-model')","('KODEX 다우존스미국리츠(H)', 'US,real-estate')",1.0,-0.326633,3.573349,0.8402402676801077,1.9480058059618544,0.15805262873748,0.6733668341708542,0.8323836607887225,0.6432160804020101,0.9949748743718593,inf,inf
378,A337120,A250780,"('KODEX Fn멀티팩터', 'factor-model')","('TIGER 코스닥150선물인버스', 'inverse')",1.0,0.527638,3.863762,1.681157988068119,1.9134136204293564,0.11714758406716268,1.5276381909547738,1.6686171107253798,1.5276381909547738,1.7688442211055277,inf,inf
379,A337120,A295020,"('KODEX Fn멀티팩터', 'factor-model')","('KBSTAR 국채선물10년인버스', 'inverse,bond')",1.0,-0.035176,3.52029,1.114559134180847,3.0652019053858006,0.17356924332282353,0.9648241206030149,1.1374186209326937,0.9246231155778895,1.256281407035176,inf,inf
380,A337120,A217780,"('KODEX Fn멀티팩터', 'factor-model')","('TIGER 차이나CSI300인버스(합성)', 'china,inverse')",1.0,0.356784,3.572905,1.4404223918521943,3.2702536167062255,0.16630468902060022,1.3567839195979898,1.4753946620028517,1.2663316582914572,1.5577889447236182,inf,inf
381,A337120,A225030,"('KODEX Fn멀티팩터', 'factor-model')","('TIGER 미국S&P500선물인버스(H)', 'US,inverse')",1.0,0.668342,3.752343,0.7556570293659731,-0.2339155214984239,0.13472482454964943,1.6683417085427137,1.838396730992733,0.0,1.678391959798995,inf,200.0
382,A337120,A373530,"('KODEX Fn멀티팩터', 'factor-model')","('ARIRANG 신흥국MSCI인버스(합성 H)', 'emerging-market,inverse')",1.0,0.648241,3.737972,1.696605651256776,3.4395450425231906,0.13211507822225493,1.6482412060301508,1.7325619860421049,1.5577889447236182,1.778894472361809,inf,inf
383,A337120,A280940,"('KODEX Fn멀티팩터', 'factor-model')","('KODEX 골드선물인버스(H)', 'commodity,inverse')",1.0,0.015075,3.520253,1.160645371268568,3.143289938633488,0.17355523486244653,1.015075376884422,1.1850399555924798,0.9748743718592965,1.2964824120603016,inf,inf
384,A147970,A305720,"('TIGER 모멘텀', 'momentum')","('KODEX 2차전지산업', 'technology,manufacturing')",1.0,-0.366834,3.662548,0.631293888649938,5.871605073386128,0.15437761514967732,0.6331658291457286,0.6600479403926094,0.5025125628140703,0.7336683417085427,inf,inf
385,A147970,A091180,"('TIGER 모멘텀', 'momentum')","('KODEX 자동차', 'technology,manufacturing')",1.0,-0.356784,3.730654,0.6122692709609692,8.321719317769347,0.14364884724120258,0.6432160804020101,0.5838982240158699,0.5125628140703518,0.6934673366834171,269.0,inf
386,A147970,A228800,"('TIGER 모멘텀', 'momentum')","('TIGER 여행레저', 'retail')",1.0,-0.326633,3.652159,0.6635440513227332,15.765585133712532,0.14056206216948697,0.6733668341708543,0.6803860306114223,0.5829145728643216,0.7236180904522613,283.0,251.0
387,A147970,A161510,"('TIGER 모멘텀', 'momentum')","('ARIRANG 고배당주', 'high-dividend')",1.0,-0.819095,3.884837,0.20822091908535797,4.381506273582105,0.10437232545054573,0.18090452261306533,0.23915630700520107,0.11055276381909548,0.2914572864321608,inf,315.0
388,A147970,A150460,"('TIGER 모멘텀', 'momentum')","('TIGER 중국소비테마', 'china,retail')",1.0,-0.557789,3.746262,0.39987286571700664,7.342074139119576,0.13099561529740422,0.44221105527638194,0.36487217467565347,0.30150753768844224,0.4824120603015075,293.0,inf
389,A147970,A228810,"('TIGER 모멘텀', 'momentum')","('TIGER 미디어컨텐츠', 'retail')",1.0,-0.246231,3.591653,0.7446724651776118,6.612187355666758,0.16691465660631793,0.7537688442211056,0.776750582855039,0.6130653266331658,0.8542713567839196,inf,250.0
390,A147970,A139220,"('TIGER 모멘텀', 'momentum')","('TIGER 200 건설', 'utilities')",1.0,-0.567839,3.897978,0.4002122271979088,13.094189558727889,0.12139917936962694,0.4321608040201005,0.3677815550670679,0.3316582914572864,0.4623115577889447,inf,inf
391,A147970,A117680,"('TIGER 모멘텀', 'momentum')","('KODEX 철강', 'commodity')",1.0,-0.427136,3.807426,0.5833492595085412,22.171032121600334,0.12414376274214861,0.5728643216080402,0.5693023697256581,0.5226130653266332,0.6331658291457286,241.0,inf
392,A147970,A174350,"('TIGER 모멘텀', 'momentum')","('TIGER 로우볼', 'volatility')",1.0,-0.969849,3.951885,0.03643882695230905,10.922586912138197,0.10269086450084722,0.03015075376884435,0.05037339893238402,0.0,0.10050251256281408,278.0,inf
393,A147970,A244670,"('TIGER 모멘텀', 'momentum')","('KODEX 밸류Plus', 'value')",1.0,-0.728643,3.992191,0.20013191942457734,3.3859792579928514,0.09832877627181494,0.27135678391959805,0.16279187684422292,0.10050251256281408,0.2914572864321608,inf,inf
394,A147970,A322150,"('TIGER 모멘텀', 'momentum')","('KINDEX 스마트하이베타', 'factor-model')",1.0,-0.698492,3.952496,0.21486647717487728,3.9687613464273763,0.11823389947639437,0.3015075376884422,0.191350094628989,0.10050251256281408,0.32160804020100503,322.0,inf
395,A147970,A337120,"('TIGER 모멘텀', 'momentum')","('KODEX Fn멀티팩터', 'factor-model')",1.0,-0.798995,3.978932,0.1304384139382621,4.638935048323529,0.11769913775156261,0.20100502512562812,0.10234515159409463,0.03015075376884422,0.23115577889447236,267.0,inf
396,A147970,A243880,"('TIGER 모멘텀', 'momentum')","('TIGER 200IT레버리지', 'leverage,technology')",1.0,-0.19598,3.76152,0.7487009193213812,7.2326559571584665,0.14579795443945817,0.8040201005025126,0.7304116750000973,0.6331658291457286,0.8341708542713568,273.0,inf
397,A147970,A153130,"('TIGER 모멘텀', 'momentum')","('KODEX 단기채권', 'bond')",1.0,0.467337,3.503672,1.4816660670915427,13.847839164361242,0.18109634703837504,1.4673366834170853,1.5010842528773334,1.3768844221105527,1.5577889447236182,292.0,inf
398,A147970,A148070,"('TIGER 모멘텀', 'momentum')","('KOSEF 국고채10년', 'bond')",1.0,0.336683,3.509521,1.3745645922117768,10.612940466145531,0.18034918047529505,1.3366834170854272,1.4052293163580232,1.256281407035176,1.4572864321608041,293.0,inf
399,A147970,A332620,"('TIGER 모멘텀', 'momentum')","('ARIRANG 미국장기우량회사채', 'US,bond')",1.0,0.356784,3.529111,1.423001957295532,8.723791189594861,0.17492574306225442,1.35678391959799,1.4463676214367935,1.2964824120603016,1.5075376884422111,282.0,inf
400,A147970,A182490,"('TIGER 모멘텀', 'momentum')","('TIGER 단기선진하이일드(합성 H)', 'global,high-yield')",1.0,-0.457286,3.510506,0.5443515505324046,13.769931961031748,0.17910351267080615,0.542713567839196,0.5621624551869657,0.44221105527638194,0.6331658291457286,293.0,inf
401,A147970,A292770,"('TIGER 모멘텀', 'momentum')","('KODEX 국채선물3년인버스', 'inverse,bond')",1.0,-0.386935,3.504672,0.6380173780548454,12.418212082066034,0.18052812983201355,0.6130653266331658,0.6620754903149016,0.5326633165829145,0.7336683417085427,293.0,inf
402,A147970,A123310,"('TIGER 모멘텀', 'momentum')","('TIGER 인버스', 'inverse')",1.0,0.839196,3.881148,1.7776842427418815,5.351621063428519,0.13054024234417866,1.8391959798994975,1.752787853106013,1.6683417085427137,1.849246231155779,288.0,inf
403,A147970,A292340,"('TIGER 모멘텀', 'momentum')","('마이티 200커버드콜ATM레버리지', 'option,leverage')",1.0,-0.457286,3.757589,0.5080936635547303,9.09431002474477,0.1404865092359037,0.542713567839196,0.48627884798480936,0.4120603015075377,0.592964824120603,282.0,inf
404,A147970,A166400,"('TIGER 모멘텀', 'momentum')","('TIGER 200커버드콜5%OTM', 'option')",1.0,-0.718593,3.75674,0.21964696565108127,6.2277322418725705,0.13812245980741758,0.2814070351758794,0.19044502886033965,0.11055276381909548,0.32160804020100503,292.0,inf
405,A147970,A271050,"('TIGER 모멘텀', 'momentum')","('KODEX WTI원유선물인버스(H)', 'commodity,inverse')",1.0,0.055276,3.524792,1.1241147235715858,7.643770224935124,0.1773295541728552,1.0552763819095476,1.1617636914350744,0.9949748743718593,1.2261306532663316,inf,inf
406,A147970,A132030,"('TIGER 모멘텀', 'momentum')","('KODEX 골드선물(H)', 'commodity')",1.0,-0.035176,3.504026,0.9816223861604065,13.529832850364636,0.18101939275416745,0.964824120603015,1.001981744498448,0.8743718592964824,1.065326633165829,293.0,inf
407,A147970,A138910,"('TIGER 모멘텀', 'momentum')","('KODEX 구리선물(H)', 'commodity')",1.0,-0.256281,3.560978,0.7545801083443242,11.54141817767102,0.16889571080925425,0.7437185929648241,0.7849395517059088,0.6432160804020101,0.8442211055276382,inf,inf
408,A147970,A316300,"('TIGER 모멘텀', 'momentum')","('KINDEX 싱가포르리츠', 'singapore,real-estate')",1.0,-0.316583,3.515257,0.6971180749959267,14.72114120448945,0.17861249532459414,0.6834170854271356,0.7239569941573054,0.592964824120603,0.7839195979899498,318.0,inf
409,A147970,A352560,"('TIGER 모멘텀', 'momentum')","('KODEX 다우존스미국리츠(H)', 'US,real-estate')",1.0,-0.286432,3.543241,0.7154617388026009,11.673661113498264,0.17060050664186435,0.7135678391959799,0.7411684557756968,0.6130653266331658,0.8040201005025126,inf,inf
410,A147970,A250780,"('TIGER 모멘텀', 'momentum')","('TIGER 코스닥150선물인버스', 'inverse')",1.0,0.407035,3.665347,1.4090720970406792,10.660323697160456,0.15284210408070917,1.407035175879397,1.4217945629599487,1.306532663316583,1.4773869346733668,317.0,250.0
411,A147970,A295020,"('TIGER 모멘텀', 'momentum')","('KBSTAR 국채선물10년인버스', 'inverse,bond')",1.0,-0.356784,3.508996,0.6831552996238832,10.406542573081328,0.18027577479547258,0.6432160804020101,0.7142240616891888,0.5628140703517588,0.7839195979899498,293.0,inf
412,A147970,A217780,"('TIGER 모멘텀', 'momentum')","('TIGER 차이나CSI300인버스(합성)', 'china,inverse')",1.0,0.306533,3.540401,1.2858402546733172,10.564935432674972,0.1761913744474798,1.306532663316583,1.2995990383598457,1.1658291457286432,1.3668341708542713,318.0,inf
413,A147970,A225030,"('TIGER 모멘텀', 'momentum')","('TIGER 미국S&P500선물인버스(H)', 'US,inverse')",1.0,0.537688,3.634972,1.5372044580463735,6.608271368922836,0.15681525995275097,1.5376884422110553,1.5749064219541606,1.4170854271356783,1.6180904522613067,inf,217.0
414,A147970,A373530,"('TIGER 모멘텀', 'momentum')","('ARIRANG 신흥국MSCI인버스(합성 H)', 'emerging-market,inverse')",1.0,0.537688,3.639012,1.4988054004877984,7.887073959228188,0.1552143883876583,1.5376884422110553,1.50381498072932,1.3869346733668342,1.5778894472361809,290.0,inf
415,A147970,A280940,"('TIGER 모멘텀', 'momentum')","('KODEX 골드선물인버스(H)', 'commodity,inverse')",1.0,0.035176,3.503982,1.0528243503083246,13.41402522462902,0.18096053930061506,1.035175879396985,1.0734978501828343,0.9447236180904522,1.135678391959799,293.0,inf
416,A243880,A305720,"('TIGER 200IT레버리지', 'leverage,technology')","('KODEX 2차전지산업', 'technology,manufacturing')",1.0,-1.0,2.49163,0.5047489278811838,2.530101410024526,0.43211868810794485,0.0,0.5356783993397856,0.0,0.9849246231155779,inf,inf
417,A243880,A091180,"('TIGER 200IT레버리지', 'leverage,technology')","('KODEX 자동차', 'technology,manufacturing')",1.0,-1.0,2.538015,0.23124552901408643,8.668030949296217,0.4189180261657743,0.0,0.29333512571621356,0.010050251256281407,0.5226130653266332,inf,307.0
418,A243880,A228800,"('TIGER 200IT레버리지', 'leverage,technology')","('TIGER 여행레저', 'retail')",1.0,-0.819095,2.379201,0.60363573643854,3.241484251847211,0.45294558388097095,0.18090452261306533,0.6688784369283672,0.1407035175879397,1.0552763819095476,inf,308.0
419,A243880,A161510,"('TIGER 200IT레버리지', 'leverage,technology')","('ARIRANG 고배당주', 'high-dividend')",1.0,-1.0,2.382228,0.5464798549428183,2.9000756301543698,0.46456935643471625,0.0,0.5884919823429521,0.0,1.035175879396985,inf,320.0
420,A243880,A150460,"('TIGER 200IT레버리지', 'leverage,technology')","('TIGER 중국소비테마', 'china,retail')",1.0,-1.0,2.43322,0.30499174340237206,4.988224831276218,0.42222680350011366,0.0,0.35783174276386087,0.0,0.6733668341708543,inf,301.0
421,A243880,A228810,"('TIGER 200IT레버리지', 'leverage,technology')","('TIGER 미디어컨텐츠', 'retail')",1.0,-0.849246,2.400601,0.7022935422381645,1.8811393107593366,0.4746886098887455,0.1507537688442211,0.6660078108810527,0.15075376884422112,1.2663316582914572,inf,inf
422,A243880,A139220,"('TIGER 200IT레버리지', 'leverage,technology')","('TIGER 200 건설', 'utilities')",1.0,-1.0,2.433646,0.32077069780507583,5.0435958339311835,0.4496069563769319,0.0,0.38426748505895647,0.0,0.7135678391959799,inf,298.0
423,A243880,A117680,"('TIGER 200IT레버리지', 'leverage,technology')","('KODEX 철강', 'commodity')",1.0,-0.648241,2.35361,0.7658309238904183,4.975755391996285,0.4877919978215637,0.3517587939698492,0.852887304611709,0.3417085427135678,1.1658291457286432,inf,301.0
424,A243880,A174350,"('TIGER 200IT레버리지', 'leverage,technology')","('TIGER 로우볼', 'volatility')",1.0,-1.0,2.409167,0.4860016296201859,3.428801666021307,0.4551570772968953,0.0,0.5451576653893313,0.010050251256281407,0.9346733668341709,inf,320.0
425,A243880,A244670,"('TIGER 200IT레버리지', 'leverage,technology')","('KODEX 밸류Plus', 'value')",1.0,-1.0,2.45307,0.31337235303107025,5.285970474057372,0.42349138129961955,0.0,0.36284310701398814,0.0,0.6733668341708543,inf,301.0
426,A243880,A322150,"('TIGER 200IT레버리지', 'leverage,technology')","('KINDEX 스마트하이베타', 'factor-model')",1.0,-1.0,2.612086,0.27461166441719953,5.587050084970281,0.35812103712928556,0.0,0.35196783349101235,0.0,0.5728643216080402,inf,301.0
427,A243880,A337120,"('TIGER 200IT레버리지', 'leverage,technology')","('KODEX Fn멀티팩터', 'factor-model')",1.0,-1.0,2.568135,0.3130080571926066,5.224175844012589,0.3857901909370851,1.1102230246251565e-16,0.392772967680044,0.0,0.6432160804020101,inf,305.0
428,A243880,A147970,"('TIGER 200IT레버리지', 'leverage,technology')","('TIGER 모멘텀', 'momentum')",1.0,-1.0,2.474712,0.4633148736945498,3.5999294683087593,0.4371330287796971,0.0,0.5254418594650383,0.0,0.8241206030150754,inf,301.0
429,A243880,A153130,"('TIGER 200IT레버리지', 'leverage,technology')","('KODEX 단기채권', 'bond')",1.0,1.0,2.30248,2.4538403520333802,4.316655391776584,0.517432046547606,2.0,2.5560226452267174,0.0,0.0,inf,200.0
430,A243880,A148070,"('TIGER 200IT레버리지', 'leverage,technology')","('KOSEF 국고채10년', 'bond')",1.0,-0.306533,2.302849,1.1153036160252554,4.709411371127153,0.5162548171907726,0.6934673366834171,1.226282700920042,0.6532663316582915,1.5376884422110553,inf,308.0
431,A243880,A332620,"('TIGER 200IT레버리지', 'leverage,technology')","('ARIRANG 미국장기우량회사채', 'US,bond')",1.0,1.0,2.323,2.69359638777883,3.1190240892532497,0.5055778184680757,2.0,2.71067892975514,0.0,0.0,inf,200.0
432,A243880,A182490,"('TIGER 200IT레버리지', 'leverage,technology')","('TIGER 단기선진하이일드(합성 H)', 'global,high-yield')",1.0,-1.0,2.308352,0.40530451223686065,4.72614661810059,0.5138815015482967,0.0,0.5246234351507635,0.0,0.864321608040201,inf,308.0
433,A243880,A292770,"('TIGER 200IT레버리지', 'leverage,technology')","('KODEX 국채선물3년인버스', 'inverse,bond')",1.0,1.0,2.305287,2.417048943663986,4.73249661896112,0.5144045320985513,2.0,2.5297034991858616,0.0,0.0,inf,200.0
434,A243880,A123310,"('TIGER 200IT레버리지', 'leverage,technology')","('TIGER 인버스', 'inverse')",1.0,1.0,2.543136,2.3351815226992314,4.790697500815038,0.38298387777503035,2.0,2.415477497783993,0.0,0.0,inf,200.0
435,A243880,A292340,"('TIGER 200IT레버리지', 'leverage,technology')","('마이티 200커버드콜ATM레버리지', 'option,leverage')",1.0,-1.0,2.54989,0.28102752318125857,5.7004276550316035,0.3461135439598539,0.0,0.3586801622581355,0.0,0.5628140703517588,inf,264.0
436,A243880,A166400,"('TIGER 200IT레버리지', 'leverage,technology')","('TIGER 200커버드콜5%OTM', 'option')",1.0,-1.0,2.500924,0.29323406703173494,5.869312598282988,0.39686419845626764,1.1102230246251565e-16,0.38455449021855626,0.0,0.6130653266331658,inf,301.0
437,A243880,A271050,"('TIGER 200IT레버리지', 'leverage,technology')","('KODEX WTI원유선물인버스(H)', 'commodity,inverse')",1.0,0.095477,2.307776,1.7313300247059806,3.1277000301491005,0.5147628825028163,1.0954773869346734,1.7782875271976408,1.0954773869346734,2.0,inf,301.0
438,A243880,A132030,"('TIGER 200IT레버리지', 'leverage,technology')","('KODEX 골드선물(H)', 'commodity')",1.0,-0.065327,2.302513,1.3997423904593187,4.201280523661904,0.5179330259266747,0.9346733668341709,1.4978142643684642,0.914572864321608,1.829145728643216,inf,322.0
439,A243880,A138910,"('TIGER 200IT레버리지', 'leverage,technology')","('KODEX 구리선물(H)', 'commodity')",1.0,-0.638191,2.333123,0.8558126934121468,3.3532584614313588,0.5070410961353848,0.36180904522613067,0.9354683112430067,0.3417085427135678,1.3366834170854272,inf,321.0
440,A243880,A316300,"('TIGER 200IT레버리지', 'leverage,technology')","('KINDEX 싱가포르리츠', 'singapore,real-estate')",1.0,-1.0,2.314935,0.4938829331225679,3.5110669862017185,0.5077863187480155,0.0,0.5746467700963294,0.0,0.9949748743718593,inf,322.0
441,A243880,A352560,"('TIGER 200IT레버리지', 'leverage,technology')","('KODEX 다우존스미국리츠(H)', 'US,real-estate')",1.0,-1.0,2.350554,0.46383151465657907,3.119186890335409,0.47027071472044624,1.1102230246251565e-16,0.5308073750382902,0.0,0.8844221105527639,inf,301.0
442,A243880,A250780,"('TIGER 200IT레버리지', 'leverage,technology')","('TIGER 코스닥150선물인버스', 'inverse')",1.0,1.0,2.53304,2.451548742682791,3.403732859732655,0.3826162512592963,2.0,2.508491897662135,0.0,0.0,inf,200.0
443,A243880,A295020,"('TIGER 200IT레버리지', 'leverage,technology')","('KBSTAR 국채선물10년인버스', 'inverse,bond')",1.0,0.125628,2.302467,1.5704960141105657,4.428455402153406,0.5169572100492743,1.1256281407035176,1.675454422341993,1.0954773869346734,1.9798994974874373,inf,308.0
444,A243880,A217780,"('TIGER 200IT레버리지', 'leverage,technology')","('TIGER 차이나CSI300인버스(합성)', 'china,inverse')",1.0,1.0,2.353922,2.2950233034811243,4.820939532075912,0.5024921145132716,2.0,2.420189797465446,0.0,0.0,inf,200.0
445,A243880,A225030,"('TIGER 200IT레버리지', 'leverage,technology')","('TIGER 미국S&P500선물인버스(H)', 'US,inverse')",1.0,1.0,2.440493,2.5692494099698187,2.2950840562257944,0.4281201539355412,2.0,2.5632548347780135,0.0,0.0,inf,200.0
446,A243880,A373530,"('TIGER 200IT레버리지', 'leverage,technology')","('ARIRANG 신흥국MSCI인버스(합성 H)', 'emerging-market,inverse')",1.0,1.0,2.430687,2.3340169457008937,4.210606331416125,0.4271750372994555,2.0,2.431038042219665,0.0,0.0,inf,200.0
447,A243880,A280940,"('TIGER 200IT레버리지', 'leverage,technology')","('KODEX 골드선물인버스(H)', 'commodity,inverse')",1.0,0.115578,2.302732,1.5881751345272435,4.130093798475817,0.5182045625530545,1.1155778894472361,1.683446855149267,1.0954773869346734,2.0,inf,308.0
448,A153130,A305720,"('KODEX 단기채권', 'bond')","('KODEX 2차전지산업', 'technology,manufacturing')",1.0,-0.005025,8.056205,0.9866532888499324,1.6669589669263136,0.0022252274176779957,0.9949748743718593,0.9888975783982616,0.0,0.0,inf,200.0
449,A153130,A091180,"('KODEX 단기채권', 'bond')","('KODEX 자동차', 'technology,manufacturing')",1.0,0.005025,7.972568,1.0002321463186086,3.025117170666991,0.002054324698753799,1.0050251256281406,1.0004298504682416,0.0,0.0,inf,200.0
450,A153130,A228800,"('KODEX 단기채권', 'bond')","('TIGER 여행레저', 'retail')",1.0,0.005025,8.041155,0.9987006209118443,2.053632075015893,0.002170479099649923,1.0050251256281406,0.9995338877882365,0.0,0.0,inf,200.0
451,A153130,A161510,"('KODEX 단기채권', 'bond')","('ARIRANG 고배당주', 'high-dividend')",1.0,-0.005025,8.208892,0.9872046991575244,1.6999516072010261,0.001844404907604104,0.9949748743718593,0.9891629732877247,0.0,0.0,inf,200.0
452,A153130,A150460,"('KODEX 단기채권', 'bond')","('TIGER 중국소비테마', 'china,retail')",1.0,0.005025,8.162426,0.9995941434123011,2.533560697219688,0.002001165147851233,1.0050251256281406,1.000105746864987,0.0,0.0,inf,200.0
453,A153130,A228810,"('KODEX 단기채권', 'bond')","('TIGER 미디어컨텐츠', 'retail')",1.0,0.005025,7.977982,0.996169551115731,1.169151944511111,0.002500913362604538,1.0050251256281406,0.9993563503310301,0.0,0.0,inf,200.0
454,A153130,A139220,"('KODEX 단기채권', 'bond')","('TIGER 200 건설', 'utilities')",1.0,-0.005025,8.087544,0.9842810869263019,1.2390531363771489,0.0020668628199079033,0.9949748743718593,0.9881367195325288,0.0,0.0,inf,200.0
455,A153130,A117680,"('KODEX 단기채권', 'bond')","('KODEX 철강', 'commodity')",1.0,-0.005025,7.995349,0.9826761959158347,0.9296261977350734,0.0021276748370794357,0.9949748743718593,0.9885580634498189,0.0,0.0,inf,200.0
456,A153130,A174350,"('KODEX 단기채권', 'bond')","('TIGER 로우볼', 'volatility')",1.0,0.005025,8.240221,0.9972067634251454,1.6374840308794234,0.0018250245857108507,1.0050251256281406,0.9991644105703867,0.0,0.0,inf,200.0
457,A153130,A244670,"('KODEX 단기채권', 'bond')","('KODEX 밸류Plus', 'value')",1.0,0.005025,8.17228,0.9994136843007547,2.432239089212579,0.0019858712158212187,1.0050251256281406,1.0000805641300619,0.0,0.0,inf,200.0
458,A153130,A322150,"('KODEX 단기채권', 'bond')","('KINDEX 스마트하이베타', 'factor-model')",1.0,0.005025,8.159327,0.9994945583306323,2.326970089854785,0.0019397532430605506,1.0050251256281406,1.000135213745755,0.0,0.0,inf,200.0
459,A153130,A337120,"('KODEX 단기채권', 'bond')","('KODEX Fn멀티팩터', 'factor-model')",1.0,0.005025,8.194404,0.9991137740752988,2.201459113567615,0.0018738421290586651,1.0050251256281406,0.9999301628201821,0.0,0.0,inf,200.0
460,A153130,A147970,"('KODEX 단기채권', 'bond')","('TIGER 모멘텀', 'momentum')",1.0,0.005025,8.176562,0.9978191392383858,1.8447356319826775,0.0019282620739781186,1.0050251256281406,0.9992634849720163,0.0,0.0,inf,200.0
461,A153130,A243880,"('KODEX 단기채권', 'bond')","('TIGER 200IT레버리지', 'leverage,technology')",1.0,0.005025,7.507092,1.0022487178691646,4.595005428795343,0.003088586290365638,1.0050251256281406,1.001903896326112,0.0,0.0,inf,200.0
462,A153130,A148070,"('KODEX 단기채권', 'bond')","('KOSEF 국고채10년', 'bond')",1.0,-0.005025,8.354789,0.985354931347167,1.3478377794709673,0.0016274444070141793,0.9949748743718593,0.9885517767755251,0.0,0.0,inf,200.0
463,A153130,A332620,"('KODEX 단기채권', 'bond')","('ARIRANG 미국장기우량회사채', 'US,bond')",1.0,0.005025,8.274577,0.9972784178556078,1.3459598070159096,0.0017941080535407359,1.0050251256281406,0.9998272293048713,0.0,0.0,inf,200.0
464,A153130,A182490,"('KODEX 단기채권', 'bond')","('TIGER 단기선진하이일드(합성 H)', 'global,high-yield')",1.0,-0.005025,8.354041,0.9862348065023661,1.4841973261733925,0.0016423861450263894,0.9949748743718593,0.9888420258143972,0.0,0.0,inf,200.0
465,A153130,A292770,"('KODEX 단기채권', 'bond')","('KODEX 국채선물3년인버스', 'inverse,bond')",1.0,0.005025,8.352425,0.996162840789987,1.4293374344888397,0.0016425194100801233,1.0050251256281406,0.9989178050306539,0.0,0.0,inf,200.0
466,A153130,A123310,"('KODEX 단기채권', 'bond')","('TIGER 인버스', 'inverse')",1.0,-0.005025,8.217779,0.9887982903276885,2.087847685597391,0.0018680482796996794,0.9949748743718593,0.9897658184478005,0.0,0.0,inf,200.0
467,A153130,A292340,"('KODEX 단기채권', 'bond')","('마이티 200커버드콜ATM레버리지', 'option,leverage')",1.0,-0.005025,8.06612,0.9833721663210292,1.1448800362440241,0.0021339044198763154,0.9949748743718593,0.9880081400209669,0.0,0.0,inf,200.0
468,A153130,A166400,"('KODEX 단기채권', 'bond')","('TIGER 200커버드콜5%OTM', 'option')",1.0,-0.005025,8.209387,0.9836564345560593,1.1533132849823222,0.0018444631928016303,0.9949748743718593,0.9881381617695117,0.0,0.0,inf,200.0
469,A153130,A271050,"('KODEX 단기채권', 'bond')","('KODEX WTI원유선물인버스(H)', 'commodity,inverse')",1.0,0.005025,7.401973,1.0050684050992693,19.56688578210361,0.0037432166754927166,1.0050251256281406,1.0054400587728958,0.0,0.0,inf,200.0
470,A153130,A132030,"('KODEX 단기채권', 'bond')","('KODEX 골드선물(H)', 'commodity')",1.0,0.005025,8.271122,0.996040728580119,1.3819113319346812,0.0017782767181648118,1.0050251256281406,0.9989897016682086,0.0,0.0,inf,200.0
471,A153130,A138910,"('KODEX 단기채권', 'bond')","('KODEX 구리선물(H)', 'commodity')",1.0,-0.005025,8.101642,0.9879130705982463,2.1095618786918267,0.002051162509240833,0.9949748743718593,0.9891217446313899,0.0,0.0,inf,200.0
472,A153130,A316300,"('KODEX 단기채권', 'bond')","('KINDEX 싱가포르리츠', 'singapore,real-estate')",1.0,-0.005025,8.319279,0.9870382769496745,1.653045905118795,0.001712427029961491,0.9949748743718593,0.9890933993568372,0.0,0.0,inf,200.0
473,A153130,A352560,"('KODEX 단기채권', 'bond')","('KODEX 다우존스미국리츠(H)', 'US,real-estate')",1.0,-0.005025,8.227429,0.987241308795254,1.879198009406709,0.001862021301050546,0.9949748743718593,0.9888731008892089,0.0,0.0,inf,200.0
474,A153130,A250780,"('KODEX 단기채권', 'bond')","('TIGER 코스닥150선물인버스', 'inverse')",1.0,0.005025,8.09124,0.996047679529861,1.4524639849833079,0.0021020481715012707,1.0050251256281406,0.9988112140682232,0.0,0.0,inf,200.0
475,A153130,A295020,"('KODEX 단기채권', 'bond')","('KBSTAR 국채선물10년인버스', 'inverse,bond')",1.0,0.005025,8.34782,0.9954394852213837,1.3590213202482004,0.00163886562654092,1.0050251256281406,0.9985942752897441,0.0,0.0,inf,200.0
476,A153130,A217780,"('KODEX 단기채권', 'bond')","('TIGER 차이나CSI300인버스(합성)', 'china,inverse')",1.0,-0.005025,8.217104,0.9870495537837591,1.2960250999453977,0.0018663329269688533,0.9949748743718593,0.9897421385499038,0.0,0.0,inf,200.0
477,A153130,A225030,"('KODEX 단기채권', 'bond')","('TIGER 미국S&P500선물인버스(H)', 'US,inverse')",1.0,0.005025,8.228997,0.9973396210990898,1.84171566550486,0.0018559435749921109,1.0050251256281406,0.9990864047069964,0.0,0.0,inf,200.0
478,A153130,A373530,"('KODEX 단기채권', 'bond')","('ARIRANG 신흥국MSCI인버스(합성 H)', 'emerging-market,inverse')",1.0,-0.005025,8.22552,0.9881302361121281,1.6936859575568228,0.0018662478550910745,0.9949748743718593,0.989687624757169,0.0,0.0,inf,200.0
479,A153130,A280940,"('KODEX 단기채권', 'bond')","('KODEX 골드선물인버스(H)', 'commodity,inverse')",1.0,-0.005025,8.267928,0.9857434429516043,1.3816927301758974,0.0017706445426023394,0.9949748743718593,0.9887731151418678,0.0,0.0,inf,200.0
480,A148070,A305720,"('KOSEF 국고채10년', 'bond')","('KODEX 2차전지산업', 'technology,manufacturing')",1.0,0.005025,4.652723,1.0994121183926326,2.559847986171608,0.07076076384428505,1.0050251256281406,1.1002611904132313,1.0050251256281406,1.1457286432160805,inf,inf
481,A148070,A091180,"('KOSEF 국고채10년', 'bond')","('KODEX 자동차', 'technology,manufacturing')",1.0,0.005025,4.653357,1.1012603575313817,2.5020464868776093,0.07074419001839545,1.0050251256281406,1.1014789958083246,1.0050251256281406,1.1457286432160805,inf,inf
482,A148070,A228800,"('KOSEF 국고채10년', 'bond')","('TIGER 여행레저', 'retail')",1.0,0.015075,4.656137,1.1116720437571548,2.5227281240347246,0.07081282520899726,1.015075376884422,1.1115411852333827,1.015075376884422,1.155778894472362,inf,inf
483,A148070,A161510,"('KOSEF 국고채10년', 'bond')","('ARIRANG 고배당주', 'high-dividend')",1.0,0.065327,4.669443,1.157687944460417,2.6469831254301406,0.06986008180624995,1.065326633165829,1.1586978568995308,1.065326633165829,1.206030150753769,inf,inf
484,A148070,A150460,"('KOSEF 국고채10년', 'bond')","('TIGER 중국소비테마', 'china,retail')",1.0,0.015075,4.653804,1.114216299836046,2.4343314087633012,0.07087770807854037,1.015075376884422,1.1132567624636345,1.0251256281407035,1.1658291457286432,inf,inf
485,A148070,A228810,"('KOSEF 국고채10년', 'bond')","('TIGER 미디어컨텐츠', 'retail')",1.0,-0.005025,4.653019,1.0885587946578066,2.5416495092539573,0.07069220941338489,0.9949748743718593,1.0898024184804629,0.9949748743718593,1.135678391959799,inf,inf
486,A148070,A139220,"('KOSEF 국고채10년', 'bond')","('TIGER 200 건설', 'utilities')",1.0,-0.005025,4.653155,1.087389546730021,2.6064037303836742,0.0706722879018891,0.9949748743718593,1.0891858648726118,1.0050251256281406,1.135678391959799,inf,inf
487,A148070,A117680,"('KOSEF 국고채10년', 'bond')","('KODEX 철강', 'commodity')",1.0,0.015075,4.655909,1.1122409469103678,2.441963836559264,0.070566046783642,1.015075376884422,1.1115942019334464,1.015075376884422,1.155778894472362,inf,inf
488,A148070,A174350,"('KOSEF 국고채10년', 'bond')","('TIGER 로우볼', 'volatility')",1.0,0.055276,4.662973,1.1513036287411675,2.514001349517181,0.07032740947503223,1.0552763819095476,1.151309544257288,1.0552763819095476,1.1959798994974875,inf,inf
489,A148070,A244670,"('KOSEF 국고채10년', 'bond')","('KODEX 밸류Plus', 'value')",1.0,0.015075,4.654603,1.1139587422673163,2.435185725846422,0.07075746717620268,1.015075376884422,1.1131812142588589,1.015075376884422,1.155778894472362,inf,inf
490,A148070,A322150,"('KOSEF 국고채10년', 'bond')","('KINDEX 스마트하이베타', 'factor-model')",1.0,-0.005025,4.653197,1.0868696254619705,2.6233751334109217,0.07068668134598141,0.9949748743718593,1.089023555065738,1.0050251256281406,1.135678391959799,inf,inf
491,A148070,A337120,"('KOSEF 국고채10년', 'bond')","('KODEX Fn멀티팩터', 'factor-model')",1.0,-0.005025,4.652877,1.0871892353740615,2.6169705301948083,0.07071142971132302,0.9949748743718593,1.0892286059913108,0.9949748743718593,1.135678391959799,inf,inf
492,A148070,A147970,"('KOSEF 국고채10년', 'bond')","('TIGER 모멘텀', 'momentum')",1.0,0.035176,4.65881,1.1320153189980908,2.4792678556411394,0.0705700089257597,1.035175879396985,1.1315646697299682,1.035175879396985,1.1758793969849246,inf,inf
493,A148070,A243880,"('KOSEF 국고채10년', 'bond')","('TIGER 200IT레버리지', 'leverage,technology')",1.0,-0.005025,4.653127,1.0841484191244957,2.6777267718010336,0.0705848499541452,0.9949748743718593,1.087254872485381,0.9949748743718593,1.1256281407035176,inf,inf
494,A148070,A153130,"('KOSEF 국고채10년', 'bond')","('KODEX 단기채권', 'bond')",1.0,-1.0,4.656436,0.10370560342237255,2.3905639143286144,0.07041967402919408,0.0,0.10104914534008314,0.0,0.18090452261306533,inf,inf
495,A148070,A332620,"('KOSEF 국고채10년', 'bond')","('ARIRANG 미국장기우량회사채', 'US,bond')",1.0,-0.135678,4.689204,0.9282528889549037,3.047019394373445,0.06831901915786642,0.864321608040201,0.9392486827082933,0.8542713567839196,0.9748743718592965,inf,inf
496,A148070,A182490,"('KOSEF 국고채10년', 'bond')","('TIGER 단기선진하이일드(합성 H)', 'global,high-yield')",1.0,-0.065327,4.654323,1.0241526794406504,2.647274944917831,0.0706195951643559,0.9346733668341709,1.0273377400987869,0.9346733668341709,1.0753768844221105,inf,inf
497,A148070,A292770,"('KOSEF 국고채10년', 'bond')","('KODEX 국채선물3년인버스', 'inverse,bond')",1.0,1.0,4.863015,2.05134878795011,3.6750292093173718,0.05607572400087618,2.0,2.0628396227706376,0.0,0.0,inf,200.0
498,A148070,A123310,"('KOSEF 국고채10년', 'bond')","('TIGER 인버스', 'inverse')",1.0,0.015075,4.65344,1.1048770270234676,2.6854076388774666,0.07057725850390009,1.015075376884422,1.1079709369395014,1.015075376884422,1.1457286432160805,inf,inf
499,A148070,A292340,"('KOSEF 국고채10년', 'bond')","('마이티 200커버드콜ATM레버리지', 'option,leverage')",1.0,-0.015075,4.655289,1.0733584703181045,2.723587989687171,0.07038381307392955,0.9849246231155779,1.076963941931574,0.9849246231155779,1.1155778894472361,inf,inf
500,A148070,A166400,"('KOSEF 국고채10년', 'bond')","('TIGER 200커버드콜5%OTM', 'option')",1.0,-0.015075,4.653646,1.0739818127503569,2.7055429594251437,0.07060269595537372,0.9849246231155779,1.0773540071772085,0.9849246231155779,1.1155778894472361,inf,inf
501,A148070,A271050,"('KOSEF 국고채10년', 'bond')","('KODEX WTI원유선물인버스(H)', 'commodity,inverse')",1.0,-0.015075,4.660751,1.0511223630660882,3.3814581309376086,0.0708951838787213,0.9849246231155779,1.0609482159642154,0.9748743718592965,1.0954773869346734,inf,inf
502,A148070,A132030,"('KOSEF 국고채10년', 'bond')","('KODEX 골드선물(H)', 'commodity')",1.0,-0.055276,4.660842,1.0437250790507226,2.3701441331246302,0.07001888043149426,0.9447236180904522,1.0408201678182474,0.9447236180904522,1.0954773869346734,inf,inf
503,A148070,A138910,"('KOSEF 국고채10년', 'bond')","('KODEX 구리선물(H)', 'commodity')",1.0,0.005025,4.653328,1.0984370774747876,2.600576915904692,0.070813943709294,1.0050251256281406,1.100037024180103,1.015075376884422,1.1457286432160805,inf,inf
504,A148070,A316300,"('KOSEF 국고채10년', 'bond')","('KINDEX 싱가포르리츠', 'singapore,real-estate')",1.0,0.025126,4.653468,1.1181099795814373,2.6257458035203545,0.07065603975034394,1.0251256281407035,1.119911018970127,1.0251256281407035,1.1658291457286432,inf,inf
505,A148070,A352560,"('KOSEF 국고채10년', 'bond')","('KODEX 다우존스미국리츠(H)', 'US,real-estate')",1.0,0.015075,4.654174,1.109415247337207,2.5965874463400525,0.07067519231987877,1.015075376884422,1.1106490896152763,1.015075376884422,1.155778894472362,inf,inf
506,A148070,A250780,"('KOSEF 국고채10년', 'bond')","('TIGER 코스닥150선물인버스', 'inverse')",1.0,0.025126,4.657936,1.11564705196592,2.6758390610936913,0.07017414940218934,1.0251256281407035,1.1188859687383792,1.035175879396985,1.155778894472362,inf,inf
507,A148070,A295020,"('KOSEF 국고채10년', 'bond')","('KBSTAR 국채선물10년인버스', 'inverse,bond')",1.0,1.0,5.857939,1.9983361264425552,79.99903605499988,0.020663884854047347,2.0,1.9984572043295943,0.0,0.0,inf,200.0
508,A148070,A217780,"('KOSEF 국고채10년', 'bond')","('TIGER 차이나CSI300인버스(합성)', 'china,inverse')",1.0,-0.015075,4.653327,1.0817387465002788,2.552826473218223,0.07066769128864445,0.9849246231155779,1.0821659375183845,0.9849246231155779,1.1256281407035176,inf,inf
509,A148070,A225030,"('KOSEF 국고채10년', 'bond')","('TIGER 미국S&P500선물인버스(H)', 'US,inverse')",1.0,0.015075,4.653304,1.1086176464166413,2.548308250675744,0.07066449943851327,1.015075376884422,1.1101987359896626,1.015075376884422,1.155778894472362,inf,inf
510,A148070,A373530,"('KOSEF 국고채10년', 'bond')","('ARIRANG 신흥국MSCI인버스(합성 H)', 'emerging-market,inverse')",1.0,0.005025,4.65296,1.0976310279762909,2.594905824984265,0.07071936915761808,1.0050251256281406,1.099471144054324,1.0050251256281406,1.1457286432160805,inf,inf
511,A148070,A280940,"('KOSEF 국고채10년', 'bond')","('KODEX 골드선물인버스(H)', 'commodity,inverse')",1.0,0.045226,4.65904,1.1455100740099844,2.376230762656679,0.0701255842215192,1.0452261306532664,1.1426392264203227,1.0452261306532664,1.1959798994974875,inf,inf
512,A332620,A305720,"('ARIRANG 미국장기우량회사채', 'US,bond')","('KODEX 2차전지산업', 'technology,manufacturing')",1.0,0.065327,3.998683,1.2351307242126826,3.2598745549128934,0.1164466150413462,1.065326633165829,1.2157551296508913,1.065326633165829,1.3165829145728642,inf,inf
513,A332620,A091180,"('ARIRANG 미국장기우량회사채', 'US,bond')","('KODEX 자동차', 'technology,manufacturing')",1.0,0.055276,3.996986,1.231485380458486,3.2699857451750867,0.1169557545505344,1.0552763819095476,1.2188365223220312,1.0552763819095476,1.3165829145728642,inf,inf
514,A332620,A228800,"('ARIRANG 미국장기우량회사채', 'US,bond')","('TIGER 여행레저', 'retail')",1.0,0.075377,4.004778,1.2457209916917955,3.462410147185455,0.11670938350106443,1.0753768844221105,1.2308972370521012,1.0753768844221105,1.3266331658291457,inf,inf
515,A332620,A161510,"('ARIRANG 미국장기우량회사채', 'US,bond')","('ARIRANG 고배당주', 'high-dividend')",1.0,0.20603,4.031764,1.3646020392080997,3.6957845249303514,0.11543949612711613,1.206030150753769,1.3492764726313162,1.206030150753769,1.4371859296482412,inf,inf
516,A332620,A150460,"('ARIRANG 미국장기우량회사채', 'US,bond')","('TIGER 중국소비테마', 'china,retail')",1.0,0.095477,3.999715,1.2749850616479856,3.2964952798980414,0.11717750484456597,1.0954773869346734,1.2636788637204892,1.0954773869346734,1.35678391959799,inf,inf
517,A332620,A228810,"('ARIRANG 미국장기우량회사채', 'US,bond')","('TIGER 미디어컨텐츠', 'retail')",1.0,0.045226,3.994208,1.211898933523236,3.5614500334259613,0.11739806830011519,1.0452261306532664,1.1964249436220546,1.0552763819095476,1.2864321608040201,286.0,inf
518,A332620,A139220,"('ARIRANG 미국장기우량회사채', 'US,bond')","('TIGER 200 건설', 'utilities')",1.0,0.065327,3.996861,1.2360743583342686,3.4536602901132847,0.1173960464240925,1.065326633165829,1.2256462949054179,1.065326633165829,1.3165829145728642,inf,inf
519,A332620,A117680,"('ARIRANG 미국장기우량회사채', 'US,bond')","('KODEX 철강', 'commodity')",1.0,0.085427,4.01083,1.2510019121420635,3.4856316540573973,0.11639635432499594,1.085427135678392,1.242155817124191,1.085427135678392,1.3266331658291457,inf,inf
520,A332620,A174350,"('ARIRANG 미국장기우량회사채', 'US,bond')","('TIGER 로우볼', 'volatility')",1.0,0.19598,4.019478,1.3598136033445267,3.57547422752527,0.11606058188025462,1.1959798994974875,1.3479854508167186,1.1959798994974875,1.4371859296482412,inf,inf
521,A332620,A244670,"('ARIRANG 미국장기우량회사채', 'US,bond')","('KODEX 밸류Plus', 'value')",1.0,0.135678,4.014204,1.3210205692444665,3.2200922036456467,0.11606314924019469,1.135678391959799,1.3114064109117642,1.135678391959799,1.3969849246231156,inf,inf
522,A332620,A322150,"('ARIRANG 미국장기우량회사채', 'US,bond')","('KINDEX 스마트하이베타', 'factor-model')",1.0,0.145729,4.019593,1.3423135151712735,3.0160877339217667,0.11503334013450758,1.1457286432160805,1.3250427545555852,1.155778894472362,1.4170854271356783,inf,inf
523,A332620,A337120,"('ARIRANG 미국장기우량회사채', 'US,bond')","('KODEX Fn멀티팩터', 'factor-model')",1.0,0.165829,4.022022,1.359049952288902,3.0390505276373965,0.11477909445942742,1.1658291457286432,1.3425976820518764,1.1658291457286432,1.4371859296482412,inf,inf
524,A332620,A147970,"('ARIRANG 미국장기우량회사채', 'US,bond')","('TIGER 모멘텀', 'momentum')",1.0,0.135678,4.011311,1.30141624746536,3.4889685364498444,0.11519330616516987,1.135678391959799,1.2893452736445363,1.135678391959799,1.3768844221105527,inf,inf
525,A332620,A243880,"('ARIRANG 미국장기우량회사채', 'US,bond')","('TIGER 200IT레버리지', 'leverage,technology')",1.0,0.035176,4.006502,1.2172915465914604,3.3142312602016637,0.11607405088071941,1.035175879396985,1.2036546883969776,1.035175879396985,1.2964824120603016,inf,inf
526,A332620,A153130,"('ARIRANG 미국장기우량회사채', 'US,bond')","('KODEX 단기채권', 'bond')",1.0,0.236181,3.985878,1.3941790708579977,3.654114161436569,0.11851031082963127,1.236180904522613,1.3834878608449226,1.2462311557788945,1.4673366834170853,inf,inf
527,A332620,A148070,"('ARIRANG 미국장기우량회사채', 'US,bond')","('KOSEF 국고채10년', 'bond')",1.0,-0.517588,4.02212,0.5927711794594648,4.7797610296344075,0.11446843745219266,0.4824120603015075,0.5818984953656043,0.4824120603015075,0.6733668341708543,277.0,inf
528,A332620,A182490,"('ARIRANG 미국장기우량회사채', 'US,bond')","('TIGER 단기선진하이일드(합성 H)', 'global,high-yield')",1.0,-0.296482,3.993518,0.8475245796231043,3.9258480099841053,0.11670913509551362,0.7035175879396985,0.8411567269069686,0.7035175879396985,0.9346733668341709,inf,inf
529,A332620,A292770,"('ARIRANG 미국장기우량회사채', 'US,bond')","('KODEX 국채선물3년인버스', 'inverse,bond')",1.0,0.678392,3.994119,1.813181154093779,4.156742914695,0.1174057670370732,1.678391959798995,1.8052151910822416,1.678391959798995,1.879396984924623,286.0,inf
530,A332620,A123310,"('ARIRANG 미국장기우량회사채', 'US,bond')","('TIGER 인버스', 'inverse')",1.0,-0.18593,4.021336,1.0079063993274542,3.00390373838575,0.1146501023738485,0.8140703517587939,0.990018344611664,0.8140703517587939,1.0954773869346734,inf,inf
531,A332620,A292340,"('ARIRANG 미국장기우량회사채', 'US,bond')","('마이티 200커버드콜ATM레버리지', 'option,leverage')",1.0,0.095477,4.00935,1.2784150101634217,3.1827711439365993,0.11495911341017796,1.0954773869346734,1.2635978588441512,1.0954773869346734,1.35678391959799,inf,inf
532,A332620,A166400,"('ARIRANG 미국장기우량회사채', 'US,bond')","('TIGER 200커버드콜5%OTM', 'option')",1.0,0.18593,4.020205,1.3856969754266009,2.968448913549414,0.11511286526446629,1.185929648241206,1.367627145013278,1.185929648241206,1.4673366834170853,inf,inf
533,A332620,A271050,"('ARIRANG 미국장기우량회사채', 'US,bond')","('KODEX WTI원유선물인버스(H)', 'commodity,inverse')",1.0,-0.025126,3.996901,1.1019377564805382,4.211756948553382,0.11975728249696933,0.9748743718592965,1.091784861078173,0.9748743718592965,1.1758793969849246,277.0,inf
534,A332620,A132030,"('ARIRANG 미국장기우량회사채', 'US,bond')","('KODEX 골드선물(H)', 'commodity')",1.0,-0.075377,3.990168,1.0885157348251804,3.434981060147627,0.11683057275617721,0.9246231155778895,1.0746877472765723,0.9246231155778895,1.1658291457286432,inf,inf
535,A332620,A138910,"('ARIRANG 미국장기우량회사채', 'US,bond')","('KODEX 구리선물(H)', 'commodity')",1.0,0.045226,3.989924,1.204247627620468,3.7623451548804976,0.11955358845183664,1.0452261306532664,1.193108700202963,1.0452261306532664,1.2864321608040201,inf,inf
536,A332620,A316300,"('ARIRANG 미국장기우량회사채', 'US,bond')","('KINDEX 싱가포르리츠', 'singapore,real-estate')",1.0,0.035176,3.986302,1.1943113703009387,3.680630401164335,0.11849889628686822,1.035175879396985,1.183440982916202,1.035175879396985,1.2763819095477387,inf,inf
537,A332620,A352560,"('ARIRANG 미국장기우량회사채', 'US,bond')","('KODEX 다우존스미국리츠(H)', 'US,real-estate')",1.0,0.085427,3.994977,1.2511194744264325,3.562350561877277,0.11683978202524614,1.085427135678392,1.2368001806545614,1.085427135678392,1.3266331658291457,inf,inf
538,A332620,A250780,"('ARIRANG 미국장기우량회사채', 'US,bond')","('TIGER 코스닥150선물인버스', 'inverse')",1.0,-0.085427,4.001764,1.0842514073025087,3.261648380585992,0.11571355203311808,0.914572864321608,1.0678522566113182,0.914572864321608,1.1658291457286432,inf,inf
539,A332620,A295020,"('ARIRANG 미국장기우량회사채', 'US,bond')","('KBSTAR 국채선물10년인버스', 'inverse,bond')",1.0,0.557789,4.020244,1.663107592495044,4.998700376339477,0.11534873949737239,1.5577889447236182,1.652591550762482,1.5577889447236182,1.728643216080402,256.0,inf
540,A332620,A217780,"('ARIRANG 미국장기우량회사채', 'US,bond')","('TIGER 차이나CSI300인버스(합성)', 'china,inverse')",1.0,-0.025126,3.986688,1.1388952221150421,3.5961144529988505,0.11841223946922216,0.9748743718592965,1.127147730335122,0.9748743718592965,1.2160804020100502,inf,inf
541,A332620,A225030,"('ARIRANG 미국장기우량회사채', 'US,bond')","('TIGER 미국S&P500선물인버스(H)', 'US,inverse')",1.0,-0.155779,4.011385,1.0141277989511068,3.3694294511844856,0.11479296160746544,0.8442211055276382,0.9927317141540924,0.8442211055276382,1.0954773869346734,286.0,inf
542,A332620,A373530,"('ARIRANG 미국장기우량회사채', 'US,bond')","('ARIRANG 신흥국MSCI인버스(합성 H)', 'emerging-market,inverse')",1.0,-0.165829,4.014638,1.024678849689989,3.1567522681157505,0.11483639813822334,0.8341708542713568,1.0045939259724417,0.8341708542713568,1.105527638190955,inf,inf
543,A332620,A280940,"('ARIRANG 미국장기우량회사채', 'US,bond')","('KODEX 골드선물인버스(H)', 'commodity,inverse')",1.0,0.055276,3.988231,1.2198151277437257,3.480630245866107,0.11756415497527574,1.0552763819095476,1.2068097587963365,1.0552763819095476,1.2964824120603016,inf,inf
544,A182490,A305720,"('TIGER 단기선진하이일드(합성 H)', 'global,high-yield')","('KODEX 2차전지산업', 'technology,manufacturing')",1.0,-0.025126,4.880224,1.009898641969725,5.7186930958502975,0.051265980619560926,0.9748743718592965,1.011558231653032,0.964824120603015,1.035175879396985,inf,inf
545,A182490,A091180,"('TIGER 단기선진하이일드(합성 H)', 'global,high-yield')","('KODEX 자동차', 'technology,manufacturing')",1.0,-0.015075,4.874277,1.0193309244835083,5.649040037294752,0.05160964799459395,0.9849246231155779,1.0182192821426388,0.9748743718592965,1.0452261306532664,inf,inf
546,A182490,A228800,"('TIGER 단기선진하이일드(합성 H)', 'global,high-yield')","('TIGER 여행레저', 'retail')",1.0,-0.015075,4.874216,1.0208456252370235,5.308733172805148,0.05149980867669254,0.9849246231155779,1.0209071701826542,0.9748743718592965,1.0452261306532664,inf,inf
547,A182490,A161510,"('TIGER 단기선진하이일드(합성 H)', 'global,high-yield')","('ARIRANG 고배당주', 'high-dividend')",1.0,-0.015075,4.872262,1.0226402262178242,5.116941685157576,0.05152939116635682,0.9849246231155779,1.0226688829963082,0.9748743718592965,1.0452261306532664,inf,inf
548,A182490,A150460,"('TIGER 단기선진하이일드(합성 H)', 'global,high-yield')","('TIGER 중국소비테마', 'china,retail')",1.0,-0.035176,4.879021,0.9972439908228331,5.695870806285206,0.0513530749459069,0.964824120603015,0.9949878524352737,0.9547738693467337,1.0251256281407035,inf,inf
549,A182490,A228810,"('TIGER 단기선진하이일드(합성 H)', 'global,high-yield')","('TIGER 미디어컨텐츠', 'retail')",1.0,-0.025126,4.883745,1.0090659230622168,5.287793554640253,0.051057137990690546,0.9748743718592965,1.010836705363623,0.964824120603015,1.035175879396985,inf,inf
550,A182490,A139220,"('TIGER 단기선진하이일드(합성 H)', 'global,high-yield')","('TIGER 200 건설', 'utilities')",1.0,-0.015075,4.873287,1.0206083817280873,5.326501001565054,0.05144070218974527,0.9849246231155779,1.0195901217307204,0.9748743718592965,1.0452261306532664,inf,inf
551,A182490,A117680,"('TIGER 단기선진하이일드(합성 H)', 'global,high-yield')","('KODEX 철강', 'commodity')",1.0,-0.015075,4.875898,1.022091573784203,5.1516387082582975,0.05138148593591238,0.9849246231155779,1.0208541534825906,0.9748743718592965,1.0452261306532664,inf,inf
552,A182490,A174350,"('TIGER 단기선진하이일드(합성 H)', 'global,high-yield')","('TIGER 로우볼', 'volatility')",1.0,-0.025126,4.872303,1.0120932713698847,5.1847667431149045,0.05159062486464614,0.9748743718592965,1.0117964041668397,0.964824120603015,1.035175879396985,inf,inf
553,A182490,A244670,"('TIGER 단기선진하이일드(합성 H)', 'global,high-yield')","('KODEX 밸류Plus', 'value')",1.0,-0.025126,4.878039,1.0092498693269454,5.419885286159084,0.0512123015676573,0.9748743718592965,1.0072156363684643,0.964824120603015,1.035175879396985,inf,inf
554,A182490,A322150,"('TIGER 단기선진하이일드(합성 H)', 'global,high-yield')","('KINDEX 스마트하이베타', 'factor-model')",1.0,-0.035176,4.881156,0.9962363209824908,5.97104940290135,0.051122844145395106,0.964824120603015,0.994781584269897,0.9547738693467337,1.015075376884422,inf,inf
555,A182490,A337120,"('TIGER 단기선진하이일드(합성 H)', 'global,high-yield')","('KODEX Fn멀티팩터', 'factor-model')",1.0,-0.035176,4.877271,0.9975354072486069,5.797029093172155,0.051368732350446894,0.964824120603015,0.9962169407489082,0.9547738693467337,1.0251256281407035,inf,inf
556,A182490,A147970,"('TIGER 단기선진하이일드(합성 H)', 'global,high-yield')","('TIGER 모멘텀', 'momentum')",1.0,-0.025126,4.877081,1.0118979174184384,5.158129903383568,0.051209387572233714,0.9748743718592965,1.0113010321586917,0.964824120603015,1.035175879396985,inf,inf
557,A182490,A243880,"('TIGER 단기선진하이일드(합성 H)', 'global,high-yield')","('TIGER 200IT레버리지', 'leverage,technology')",1.0,-0.005025,4.875841,1.0300896342992047,5.389268951869248,0.051428884532501204,0.9949748743718593,1.0294953137498417,0.9849246231155779,1.0552763819095476,inf,inf
558,A182490,A153130,"('TIGER 단기선진하이일드(합성 H)', 'global,high-yield')","('KODEX 단기채권', 'bond')",1.0,-1.0,4.874235,0.04377619360620472,4.607573229896971,0.051417943698278186,0.0,0.04328958660454385,0.0,0.09045226130653267,inf,inf
559,A182490,A148070,"('TIGER 단기선진하이일드(합성 H)', 'global,high-yield')","('KOSEF 국고채10년', 'bond')",1.0,-0.045226,4.871758,0.9884144020384973,5.692332859654279,0.05159244060132683,0.9547738693467337,0.9878170836986303,0.9447236180904522,1.015075376884422,inf,inf
560,A182490,A332620,"('TIGER 단기선진하이일드(합성 H)', 'global,high-yield')","('ARIRANG 미국장기우량회사채', 'US,bond')",1.0,-0.055276,4.877979,0.9726928289655702,6.605246923297029,0.050973266095199365,0.9447236180904522,0.9738478050794176,0.9346733668341709,0.9949748743718593,inf,inf
561,A182490,A292770,"('TIGER 단기선진하이일드(합성 H)', 'global,high-yield')","('KODEX 국채선물3년인버스', 'inverse,bond')",1.0,0.356784,4.884226,1.3836030793330931,6.879703828675872,0.05073063137048849,1.35678391959799,1.3826169222816274,1.3467336683417086,1.407035175879397,331.0,inf
562,A182490,A123310,"('TIGER 단기선진하이일드(합성 H)', 'global,high-yield')","('TIGER 인버스', 'inverse')",1.0,0.035176,4.878083,1.068335713912804,5.772587810179699,0.051262290566810975,1.035175879396985,1.06736735135558,1.0251256281407035,1.0954773869346734,inf,inf
563,A182490,A292340,"('TIGER 단기선진하이일드(합성 H)', 'global,high-yield')","('마이티 200커버드콜ATM레버리지', 'option,leverage')",1.0,-0.035176,4.88921,0.9966694577604337,5.834789281265844,0.05105949798545143,0.964824120603015,0.9950176963370823,0.9547738693467337,1.015075376884422,inf,inf
564,A182490,A166400,"('TIGER 단기선진하이일드(합성 H)', 'global,high-yield')","('TIGER 200커버드콜5%OTM', 'option')",1.0,-0.045226,4.880163,0.9857243115537937,6.032172974329288,0.05101714083471419,0.9547738693467337,0.9840945486445096,0.9447236180904522,1.0050251256281406,inf,inf
565,A182490,A271050,"('TIGER 단기선진하이일드(합성 H)', 'global,high-yield')","('KODEX WTI원유선물인버스(H)', 'commodity,inverse')",1.0,0.005025,4.869255,1.0487643191160194,4.631241620947746,0.051815686002748315,1.0050251256281406,1.0487296453774395,1.0050251256281406,1.0753768844221105,inf,inf
566,A182490,A132030,"('TIGER 단기선진하이일드(합성 H)', 'global,high-yield')","('KODEX 골드선물(H)', 'commodity')",1.0,0.005025,4.870588,1.0425126075246625,5.194326942047843,0.05170355724571604,1.0050251256281406,1.0422792882727525,0.9949748743718593,1.065326633165829,inf,inf
567,A182490,A138910,"('TIGER 단기선진하이일드(합성 H)', 'global,high-yield')","('KODEX 구리선물(H)', 'commodity')",1.0,-0.035176,4.881996,1.002233133325394,4.83508352623265,0.050670693870755144,0.964824120603015,1.0028129286100438,0.9547738693467337,1.0251256281407035,inf,inf
568,A182490,A316300,"('TIGER 단기선진하이일드(합성 H)', 'global,high-yield')","('KINDEX 싱가포르리츠', 'singapore,real-estate')",1.0,-0.005025,4.870523,1.0326483217422022,5.1250795567804275,0.051692195803357405,0.9949748743718593,1.0323829859613811,0.9849246231155779,1.0552763819095476,inf,inf
569,A182490,A352560,"('TIGER 단기선진하이일드(합성 H)', 'global,high-yield')","('KODEX 다우존스미국리츠(H)', 'US,real-estate')",1.0,-0.065327,4.901988,0.968343130333007,5.293322526922792,0.0498527132444087,0.9346733668341709,0.9699821573357997,0.9246231155778895,0.9949748743718593,inf,inf
570,A182490,A250780,"('TIGER 단기선진하이일드(합성 H)', 'global,high-yield')","('TIGER 코스닥150선물인버스', 'inverse')",1.0,0.025126,4.881195,1.0609780040203938,5.548337108220288,0.051287065948984314,1.0251256281407035,1.06112641000284,1.015075376884422,1.085427135678392,inf,inf
571,A182490,A295020,"('TIGER 단기선진하이일드(합성 H)', 'global,high-yield')","('KBSTAR 국채선물10년인버스', 'inverse,bond')",1.0,0.045226,4.871554,1.0787556299181171,5.70966486704926,0.05162652217378752,1.0452261306532664,1.0781995703266019,1.035175879396985,1.105527638190955,inf,inf
572,A182490,A217780,"('TIGER 단기선진하이일드(합성 H)', 'global,high-yield')","('TIGER 차이나CSI300인버스(합성)', 'china,inverse')",1.0,0.015075,4.872384,1.0502114954565245,5.37236958590788,0.05163251916200198,1.015075376884422,1.0502824178976524,1.0050251256281406,1.0753768844221105,inf,inf
573,A182490,A225030,"('TIGER 단기선진하이일드(합성 H)', 'global,high-yield')","('TIGER 미국S&P500선물인버스(H)', 'US,inverse')",1.0,0.055276,4.892668,1.0901113590725466,5.458807707435278,0.050127297652622776,1.0552763819095476,1.0926919210244548,1.0452261306532664,1.1155778894472361,inf,inf
574,A182490,A373530,"('TIGER 단기선진하이일드(합성 H)', 'global,high-yield')","('ARIRANG 신흥국MSCI인버스(합성 H)', 'emerging-market,inverse')",1.0,0.055276,4.889723,1.084824997669316,6.34822188922832,0.05043355522448389,1.0552763819095476,1.0853834551041441,1.0452261306532664,1.105527638190955,inf,inf
575,A182490,A280940,"('TIGER 단기선진하이일드(합성 H)', 'global,high-yield')","('KODEX 골드선물인버스(H)', 'commodity,inverse')",1.0,-0.005025,4.870642,1.0322961370237247,5.209952515111101,0.05171345205844963,0.9949748743718593,1.0320627017464117,0.9849246231155779,1.0552763819095476,inf,inf
576,A292770,A305720,"('KODEX 국채선물3년인버스', 'inverse,bond')","('KODEX 2차전지산업', 'technology,manufacturing')",1.0,0.005025,5.65575,0.9735423473763536,2.925864536455024,0.027135976951127162,1.0050251256281406,0.9728928990322926,0.0,0.0,inf,200.0
577,A292770,A091180,"('KODEX 국채선물3년인버스', 'inverse,bond')","('KODEX 자동차', 'technology,manufacturing')",1.0,-0.005025,5.65186,0.9606616988263865,2.677436994278569,0.027130380504742792,0.9949748743718593,0.9613606269623126,0.0,0.0,inf,200.0
578,A292770,A228800,"('KODEX 국채선물3년인버스', 'inverse,bond')","('TIGER 여행레저', 'retail')",1.0,0.005025,5.652987,0.9738177275856122,2.9367015321853756,0.027120716620741107,1.0050251256281406,0.9732147417473809,0.0,0.0,inf,200.0
579,A292770,A161510,"('KODEX 국채선물3년인버스', 'inverse,bond')","('ARIRANG 고배당주', 'high-dividend')",1.0,-0.015075,5.663615,0.9530243687153647,2.911966362899188,0.02689571695535926,0.9849246231155779,0.9530601503509089,0.0,0.0,inf,200.0
580,A292770,A150460,"('KODEX 국채선물3년인버스', 'inverse,bond')","('TIGER 중국소비테마', 'china,retail')",1.0,0.005025,5.652731,0.974462184563606,3.027022298971849,0.027162641323005974,1.0050251256281406,0.9737866008241314,0.0,0.0,inf,200.0
581,A292770,A228810,"('KODEX 국채선물3년인버스', 'inverse,bond')","('TIGER 미디어컨텐츠', 'retail')",1.0,0.005025,5.66099,0.9730213140252815,2.75571400366381,0.026911487476889085,1.0050251256281406,0.9730372042901745,0.0,0.0,inf,200.0
582,A292770,A139220,"('KODEX 국채선물3년인버스', 'inverse,bond')","('TIGER 200 건설', 'utilities')",1.0,0.005025,5.652895,0.974186351199184,2.9902238218690327,0.02716985929772168,1.0050251256281406,0.9736537578980254,0.0,0.0,inf,200.0
583,A292770,A117680,"('KODEX 국채선물3년인버스', 'inverse,bond')","('KODEX 철강', 'commodity')",1.0,-0.005025,5.656372,0.9619412332768281,2.753438157274108,0.02704867596237966,0.9949748743718593,0.9622389174089633,0.0,0.0,inf,200.0
584,A292770,A174350,"('KODEX 국채선물3년인버스', 'inverse,bond')","('TIGER 로우볼', 'volatility')",1.0,-0.025126,5.663626,0.9416763653852261,2.7644344883007923,0.0267629980024046,0.9748743718592965,0.9421876715214403,0.0,0.0,inf,200.0
585,A292770,A244670,"('KODEX 국채선물3년인버스', 'inverse,bond')","('KODEX 밸류Plus', 'value')",1.0,-0.005025,5.653974,0.9614089507780855,2.74818666329337,0.027139101664607805,0.9949748743718593,0.9617099133004925,0.0,0.0,inf,200.0
586,A292770,A322150,"('KODEX 국채선물3년인버스', 'inverse,bond')","('KINDEX 스마트하이베타', 'factor-model')",1.0,0.005025,5.65552,0.9745693342005551,3.0266589650557436,0.02710856560098352,1.0050251256281406,0.9738160677048995,0.0,0.0,inf,200.0
587,A292770,A337120,"('KODEX 국채선물3년인버스', 'inverse,bond')","('KODEX Fn멀티팩터', 'factor-model')",1.0,0.005025,5.653709,0.9743018442942447,3.0111695898546045,0.02715756585288979,1.0050251256281406,0.9736110167793265,0.0,0.0,inf,200.0
588,A292770,A147970,"('KODEX 국채선물3년인버스', 'inverse,bond')","('TIGER 모멘텀', 'momentum')",1.0,-0.005025,5.654324,0.9625320661735447,2.844184766366836,0.027131951012577125,0.9949748743718593,0.9625269924585379,0.0,0.0,inf,200.0
589,A292770,A243880,"('KODEX 국채선물3년인버스', 'inverse,bond')","('TIGER 200IT레버리지', 'leverage,technology')",1.0,0.005025,5.657308,0.9768620904672901,3.1697496214086667,0.02691954866520554,1.0050251256281406,0.9755847502852564,0.0,0.0,inf,200.0
590,A292770,A153130,"('KODEX 국채선물3년인버스', 'inverse,bond')","('KODEX 단기채권', 'bond')",1.0,1.0,5.660636,1.9585383719734906,2.3971659632845608,0.02690412672216759,2.0,1.9617904774305543,0.0,0.0,inf,200.0
591,A292770,A148070,"('KODEX 국채선물3년인버스', 'inverse,bond')","('KOSEF 국고채10년', 'bond')",1.0,0.236181,5.928076,1.228474246511351,9.79477208456739,0.02017610153736797,1.236180904522613,1.2263783088233018,0.0,0.0,inf,200.0
592,A292770,A332620,"('KODEX 국채선물3년인버스', 'inverse,bond')","('ARIRANG 미국장기우량회사채', 'US,bond')",1.0,0.025126,5.661551,0.9986476006957707,3.20514248320649,0.026929534908774328,1.0251256281407035,0.9965977535406817,0.0,0.0,inf,200.0
593,A292770,A182490,"('KODEX 국채선물3년인버스', 'inverse,bond')","('TIGER 단기선진하이일드(합성 H)', 'global,high-yield')",1.0,0.075377,5.667158,1.0477329285310082,3.134613654276527,0.02667686138567633,1.0753768844221105,1.0459274545144661,0.0,0.0,inf,200.0
594,A292770,A123310,"('KODEX 국채선물3년인버스', 'inverse,bond')","('TIGER 인버스', 'inverse')",1.0,-0.005025,5.65516,0.9640776724224865,2.991207341662124,0.027120699140883338,0.9949748743718593,0.9634466724069449,0.0,0.0,inf,200.0
595,A292770,A292340,"('KODEX 국채선물3년인버스', 'inverse,bond')","('마이티 200커버드콜ATM레버리지', 'option,leverage')",1.0,0.005025,5.655959,0.9745374021849931,3.0285502735535594,0.027091364726747724,1.0050251256281406,0.9737823374095873,0.0,0.0,inf,200.0
596,A292770,A166400,"('KODEX 국채선물3년인버스', 'inverse,bond')","('TIGER 200커버드콜5%OTM', 'option')",1.0,0.015075,5.656603,0.9869945152922935,3.2764729030231248,0.02703041677702608,1.015075376884422,0.9854856155934291,0.0,0.0,inf,200.0
597,A292770,A271050,"('KODEX 국채선물3년인버스', 'inverse,bond')","('KODEX WTI원유선물인버스(H)', 'commodity,inverse')",1.0,0.005025,5.643198,0.9815970279005436,3.7296688680683476,0.027510235040179676,1.0050251256281406,0.9791209127320402,0.0,0.0,inf,200.0
598,A292770,A132030,"('KODEX 국채선물3년인버스', 'inverse,bond')","('KODEX 골드선물(H)', 'commodity')",1.0,0.005025,5.653997,0.972606704569755,2.8366864027165617,0.027152398651489877,1.0050251256281406,0.9726705556273529,0.0,0.0,inf,200.0
599,A292770,A138910,"('KODEX 국채선물3년인버스', 'inverse,bond')","('KODEX 구리선물(H)', 'commodity')",1.0,0.005025,5.653262,0.9727520574001117,2.8188226309358324,0.027133412336118528,1.0050251256281406,0.9726687327991643,0.0,0.0,inf,200.0
600,A292770,A316300,"('KODEX 국채선물3년인버스', 'inverse,bond')","('KINDEX 싱가포르리츠', 'singapore,real-estate')",1.0,0.005025,5.653379,0.972824210106069,2.851793267925269,0.027177413800250898,1.0050251256281406,0.9726970780737171,0.0,0.0,inf,200.0
601,A292770,A352560,"('KODEX 국채선물3년인버스', 'inverse,bond')","('KODEX 다우존스미국리츠(H)', 'US,real-estate')",1.0,0.005025,5.654262,0.9731356696628181,2.8550181006163826,0.027137833060510083,1.0050251256281406,0.9729173765413454,0.0,0.0,inf,200.0
602,A292770,A250780,"('KODEX 국채선물3년인버스', 'inverse,bond')","('TIGER 코스닥150선물인버스', 'inverse')",1.0,-0.015075,5.66627,0.9544873958660844,3.0489350305687752,0.02678021897818635,0.9849246231155779,0.9534664586972947,0.0,0.0,inf,200.0
603,A292770,A295020,"('KODEX 국채선물3년인버스', 'inverse,bond')","('KBSTAR 국채선물10년인버스', 'inverse,bond')",1.0,-0.276382,5.962854,0.7192218660254893,16.68563865515709,0.019640521218461836,0.7236180904522613,0.7180651702226919,0.0,0.0,inf,200.0
604,A292770,A217780,"('KODEX 국채선물3년인버스', 'inverse,bond')","('TIGER 차이나CSI300인버스(합성)', 'china,inverse')",1.0,-0.015075,5.657905,0.9557295339104475,2.9503736005583936,0.027072048005715704,0.9849246231155779,0.9547976461374459,0.0,0.0,inf,200.0
605,A292770,A225030,"('KODEX 국채선물3년인버스', 'inverse,bond')","('TIGER 미국S&P500선물인버스(H)', 'US,inverse')",1.0,-0.015075,5.657984,0.953087612918912,2.8001415433476695,0.026976256704357986,0.9849246231155779,0.952640886780975,0.0,0.0,inf,200.0
606,A292770,A373530,"('KODEX 국채선물3년인버스', 'inverse,bond')","('ARIRANG 신흥국MSCI인버스(합성 H)', 'emerging-market,inverse')",1.0,-0.005025,5.655209,0.9639647624597051,2.9492018823339423,0.027130122572864544,0.9949748743718593,0.9633684787163134,0.0,0.0,inf,200.0
607,A292770,A280940,"('KODEX 국채선물3년인버스', 'inverse,bond')","('KODEX 골드선물인버스(H)', 'commodity,inverse')",1.0,-0.005025,5.653123,0.9623430015085528,2.828452376775018,0.02717213912549582,0.9949748743718593,0.9624539691010122,0.0,0.0,inf,200.0
608,A123310,A305720,"('TIGER 인버스', 'inverse')","('KODEX 2차전지산업', 'technology,manufacturing')",1.0,0.346734,3.847134,1.2385951355203546,2.8581398660399016,0.140953950758898,1.3467336683417086,1.209358764576572,0.0,0.0,inf,200.0
609,A123310,A091180,"('TIGER 인버스', 'inverse')","('KODEX 자동차', 'technology,manufacturing')",1.0,0.356784,3.996959,1.321413567099734,12.67128048198456,0.11813499300944605,1.35678391959799,1.3061374143030848,1.2462311557788945,1.3668341708542713,inf,313.0
610,A123310,A228800,"('TIGER 인버스', 'inverse')","('TIGER 여행레저', 'retail')",1.0,0.296482,3.808919,1.2024129900313878,3.1114580768863958,0.12851307540869472,1.2964824120603016,1.1767751513923432,0.0,0.0,inf,200.0
611,A123310,A161510,"('TIGER 인버스', 'inverse')","('ARIRANG 고배당주', 'high-dividend')",1.0,0.547739,3.841736,1.3567272488309425,1.6155250686984661,0.13015243713491761,1.5477386934673367,1.3867200551228227,0.0,0.0,inf,200.0
612,A123310,A150460,"('TIGER 인버스', 'inverse')","('TIGER 중국소비테마', 'china,retail')",1.0,0.507538,3.929988,1.4717673452026176,6.537859152020336,0.11140920605931881,1.5075376884422111,1.46465411235048,1.3869346733668342,1.5276381909547738,331.0,inf
613,A123310,A228810,"('TIGER 인버스', 'inverse')","('TIGER 미디어컨텐츠', 'retail')",1.0,0.256281,3.788547,1.1094225130593736,1.5939646167266206,0.143792039011454,1.256281407035176,1.1238881326545662,0.0,0.0,inf,200.0
614,A123310,A139220,"('TIGER 인버스', 'inverse')","('TIGER 200 건설', 'utilities')",1.0,0.427136,3.923795,1.373279009773415,5.688739606422164,0.12254724552391268,1.4271356783919598,1.3565475015629542,1.2663316582914572,1.4371859296482412,322.0,inf
615,A123310,A117680,"('TIGER 인버스', 'inverse')","('KODEX 철강', 'commodity')",1.0,0.246231,3.766924,1.1485254423828382,4.820993196625515,0.1432984333911709,1.2462311557788945,1.1228503303013984,0.0,0.0,inf,200.0
616,A123310,A174350,"('TIGER 인버스', 'inverse')","('TIGER 로우볼', 'volatility')",1.0,0.748744,3.956604,1.6121943318950993,2.223353223234565,0.11752435357402428,1.7487437185929648,1.614839890660571,0.0,0.0,inf,200.0
617,A123310,A244670,"('TIGER 인버스', 'inverse')","('KODEX 밸류Plus', 'value')",1.0,0.577889,4.006057,1.5425614397763872,6.52202131634015,0.1076636960428843,1.5778894472361809,1.5464711896440249,1.4572864321608041,1.5979899497487438,313.0,inf
618,A123310,A322150,"('TIGER 인버스', 'inverse')","('KINDEX 스마트하이베타', 'factor-model')",1.0,0.748744,4.831306,1.7541712596119847,74.1265648757672,0.05301310120913358,1.7487437185929648,1.7594895637904682,1.7386934673366834,1.7587939698492463,inf,200.0
619,A123310,A337120,"('TIGER 인버스', 'inverse')","('KODEX Fn멀티팩터', 'factor-model')",1.0,0.829146,4.701336,1.822919040343057,18.696263170459396,0.05763547654724295,1.829145728643216,1.8229425932317231,1.7889447236180904,1.8391959798994975,inf,249.0
620,A123310,A147970,"('TIGER 인버스', 'inverse')","('TIGER 모멘텀', 'momentum')",1.0,0.628141,4.025779,1.5207584432290873,3.1320551551845046,0.1190786738927325,1.6281407035175879,1.5045938188319092,0.0,0.0,inf,200.0
621,A123310,A243880,"('TIGER 인버스', 'inverse')","('TIGER 200IT레버리지', 'leverage,technology')",1.0,0.226131,4.334945,1.2218967534184002,8.151580026813676,0.08593918726365057,1.2261306532663316,1.2067184708613001,1.155778894472362,1.256281407035176,inf,298.0
622,A123310,A153130,"('TIGER 인버스', 'inverse')","('KODEX 단기채권', 'bond')",1.0,-1.0,3.648384,-0.10478508910619216,4.425306799835558,0.1649472077928124,0.0,-0.14054514744272428,0.0,0.07035175879396985,200.0,inf
623,A123310,A148070,"('TIGER 인버스', 'inverse')","('KOSEF 국고채10년', 'bond')",1.0,0.085427,3.648845,0.9835763131307902,4.599527669466979,0.16450488343741979,1.085427135678392,0.947061258616038,0.8341708542713568,1.0954773869346734,inf,inf
624,A123310,A332620,"('TIGER 인버스', 'inverse')","('ARIRANG 미국장기우량회사채', 'US,bond')",1.0,-0.366834,3.683799,0.4274856564117046,2.6285786173584955,0.15924481804980506,0.6331658291457286,0.43212318174382824,0.0,0.0,inf,200.0
625,A123310,A182490,"('TIGER 인버스', 'inverse')","('TIGER 단기선진하이일드(합성 H)', 'global,high-yield')",1.0,0.417085,3.656013,1.3278112375924562,4.948320372555535,0.16359721968933896,1.4170854271356783,1.2861708957615265,1.185929648241206,1.4271356783919598,inf,inf
626,A123310,A292770,"('TIGER 인버스', 'inverse')","('KODEX 국채선물3년인버스', 'inverse,bond')",1.0,-0.507538,3.650632,0.40247180864005655,5.220769703279215,0.16459749821068193,0.49246231155778897,0.3623473415031326,0.2613065326633166,0.5326633165829145,inf,inf
627,A123310,A292340,"('TIGER 인버스', 'inverse')","('마이티 200커버드콜ATM레버리지', 'option,leverage')",1.0,0.497487,4.140162,1.4689732193453835,9.425279586267552,0.08041495345621691,1.4974874371859297,1.45213016405205,0.0,0.0,inf,200.0
628,A123310,A166400,"('TIGER 인버스', 'inverse')","('TIGER 200커버드콜5%OTM', 'option')",1.0,0.809045,4.22105,1.8075111669381039,135.18310611591266,0.09062040993525687,1.8090452261306533,1.8060903088500937,1.7889447236180904,1.8190954773869348,300.0,334.0
629,A123310,A271050,"('TIGER 인버스', 'inverse')","('KODEX WTI원유선물인버스(H)', 'commodity,inverse')",1.0,-0.025126,3.654066,0.8148001865544848,3.024025106842866,0.16452407696465784,0.9748743718592965,0.7965834291070258,0.0,0.0,inf,200.0
630,A123310,A132030,"('TIGER 인버스', 'inverse')","('KODEX 골드선물(H)', 'commodity')",1.0,0.005025,3.648343,0.8917596835207321,4.122815870592041,0.16487155077006854,1.0050251256281406,0.8584445542254843,0.7336683417085427,1.015075376884422,inf,inf
631,A123310,A138910,"('TIGER 인버스', 'inverse')","('KODEX 구리선물(H)', 'commodity')",1.0,0.18593,3.687833,1.0632855406479091,3.1973302298280193,0.1600530652405428,1.185929648241206,1.0360331471526358,0.0,0.0,inf,200.0
632,A123310,A316300,"('TIGER 인버스', 'inverse')","('KINDEX 싱가포르리츠', 'singapore,real-estate')",1.0,0.306533,3.662735,1.186650687613987,3.513947041134961,0.16223253138563506,1.306532663316583,1.1561558194039137,0.0,0.0,inf,200.0
633,A123310,A352560,"('TIGER 인버스', 'inverse')","('KODEX 다우존스미국리츠(H)', 'US,real-estate')",1.0,0.316583,3.716841,1.2006698010377537,2.790512554978602,0.14788465258198133,1.3165829145728642,1.1799574476222343,0.0,0.0,inf,200.0
634,A123310,A250780,"('TIGER 인버스', 'inverse')","('TIGER 코스닥150선물인버스', 'inverse')",1.0,-0.497487,4.061144,0.3928037010321136,2.6415264332369217,0.10353470330871542,0.5025125628140703,0.3826258333736783,0.0,0.0,inf,200.0
635,A123310,A295020,"('TIGER 인버스', 'inverse')","('KBSTAR 국채선물10년인버스', 'inverse,bond')",1.0,-0.065327,3.648564,0.8304470187605887,4.489220983233782,0.16465554351104847,0.9346733668341709,0.7944966380904708,0.6834170854271356,0.9547738693467337,inf,inf
636,A123310,A217780,"('TIGER 인버스', 'inverse')","('TIGER 차이나CSI300인버스(합성)', 'china,inverse')",1.0,-0.336683,3.70888,0.6062957121172063,4.845893637279646,0.1581064201989042,0.6633165829145728,0.5645605608443021,0.4623115577889447,0.7236180904522613,inf,inf
637,A123310,A225030,"('TIGER 인버스', 'inverse')","('TIGER 미국S&P500선물인버스(H)', 'US,inverse')",1.0,-0.628141,3.928097,-0.2826745712955753,0.31286049918847664,0.12303251407414903,0.3718592964824121,0.2245605428815478,0.0,0.0,inf,200.0
638,A123310,A373530,"('TIGER 인버스', 'inverse')","('ARIRANG 신흥국MSCI인버스(합성 H)', 'emerging-market,inverse')",1.0,-0.60804,3.903775,0.3628072197238134,5.2984143610034335,0.12218560399736733,0.3919597989949749,0.32508003989013157,0.2613065326633166,0.45226130653266333,inf,inf
639,A123310,A280940,"('TIGER 인버스', 'inverse')","('KODEX 골드선물인버스(H)', 'commodity,inverse')",1.0,-0.015075,3.648405,0.8704142338946664,4.072373747600268,0.16488202175844036,0.9849246231155779,0.8376645745114693,0.7135678391959799,0.9949748743718593,inf,inf
640,A292340,A305720,"('마이티 200커버드콜ATM레버리지', 'option,leverage')","('KODEX 2차전지산업', 'technology,manufacturing')",1.0,-0.467337,3.325959,0.6438600242223327,4.893388158706673,0.2437203646634532,0.5326633165829145,0.7236649708506451,0.4321608040201005,0.8341708542713568,inf,inf
641,A292340,A091180,"('마이티 200커버드콜ATM레버리지', 'option,leverage')","('KODEX 자동차', 'technology,manufacturing')",1.0,-0.417085,3.346595,0.6368437353464806,14.103500178192728,0.23048367231185596,0.5829145728643216,0.6741594564323324,0.5025125628140703,0.7537688442211056,314.0,inf
642,A292340,A228800,"('마이티 200커버드콜ATM레버리지', 'option,leverage')","('TIGER 여행레저', 'retail')",1.0,-0.437186,3.330019,0.6625780937066059,4.9458506499086345,0.23091865975073855,0.5628140703517588,0.7266080546626306,0.4623115577889447,0.8442211055276382,inf,inf
643,A292340,A161510,"('마이티 200커버드콜ATM레버리지', 'option,leverage')","('ARIRANG 고배당주', 'high-dividend')",1.0,-0.778894,3.340964,0.40543000802083984,2.9193272876196628,0.23564797688136052,0.2211055276381909,0.4450527117959455,0.15075376884422112,0.6432160804020101,inf,inf
644,A292340,A150460,"('마이티 200커버드콜ATM레버리지', 'option,leverage')","('TIGER 중국소비테마', 'china,retail')",1.0,-0.738693,3.414895,0.2984586979937744,10.96330917249498,0.21290570311346665,0.2613065326633166,0.3138002072283982,0.16080402010050251,0.4221105527638191,inf,inf
645,A292340,A228810,"('마이티 200커버드콜ATM레버리지', 'option,leverage')","('TIGER 미디어컨텐츠', 'retail')",1.0,-0.366834,3.299196,0.762881175536774,2.959163054736827,0.2505516376526286,0.6331658291457286,0.8162753537741368,0.49246231155778897,0.9949748743718593,inf,inf
646,A292340,A139220,"('마이티 200커버드콜ATM레버리지', 'option,leverage')","('TIGER 200 건설', 'utilities')",1.0,-0.58794,3.380593,0.4745962991845268,8.92872662142033,0.22427226896428157,0.4120603015075377,0.5108708834612662,0.32160804020100503,0.6130653266331658,inf,inf
647,A292340,A117680,"('마이티 200커버드콜ATM레버리지', 'option,leverage')","('KODEX 철강', 'commodity')",1.0,-0.366834,3.291301,0.7502729907634089,7.033979805223299,0.2473075672864559,0.6331658291457286,0.8020250463631935,0.5628140703517588,0.914572864321608,inf,inf
648,A292340,A174350,"('마이티 200커버드콜ATM레버리지', 'option,leverage')","('TIGER 로우볼', 'volatility')",1.0,-1.0,3.405539,0.14217721897749397,3.844624408045381,0.21970276658370225,0.0,0.18647750313119582,0.0,0.35175879396984927,inf,inf
649,A292340,A244670,"('마이티 200커버드콜ATM레버리지', 'option,leverage')","('KODEX 밸류Plus', 'value')",1.0,-0.819095,3.461096,0.22031192258616866,11.387162452737797,0.20141636038215024,0.18090452261306533,0.2210900309527013,0.09045226130653267,0.3417085427135678,inf,inf
650,A292340,A322150,"('마이티 200커버드콜ATM레버리지', 'option,leverage')","('KINDEX 스마트하이베타', 'factor-model')",1.0,-0.959799,3.645397,0.03611844750292939,31.466335654729594,0.1571873909143112,0.04020100502512558,0.04193088731327865,0.0,0.10050251256281408,261.0,inf
651,A292340,A337120,"('마이티 200커버드콜ATM레버리지', 'option,leverage')","('KODEX Fn멀티팩터', 'factor-model')",1.0,-1.0,3.650782,0.016525961537241902,23.171249736104972,0.15798264905170212,1.1102230246251565e-16,0.03409280542190851,0.0,0.09045226130653267,231.0,inf
652,A292340,A147970,"('마이티 200커버드콜ATM레버리지', 'option,leverage')","('TIGER 모멘텀', 'momentum')",1.0,-0.859296,3.444401,0.2605467394626402,5.111865409245369,0.21895713301645453,0.14070351758793975,0.3126045478236228,0.07035175879396985,0.44221105527638194,inf,inf
653,A292340,A243880,"('마이티 200커버드콜ATM레버리지', 'option,leverage')","('TIGER 200IT레버리지', 'leverage,technology')",1.0,-0.276382,3.500905,0.7369283460934185,12.245591293627355,0.1924614287856999,0.7236180904522613,0.7715880187604864,0.6231155778894473,0.8341708542713568,298.0,inf
654,A292340,A153130,"('마이티 200커버드콜ATM레버리지', 'option,leverage')","('KODEX 단기채권', 'bond')",1.0,-1.0,3.190474,0.14133823847020538,5.569161919637945,0.280846285623258,0.0,0.20923285949717185,0.0,0.38190954773869346,inf,inf
655,A292340,A148070,"('마이티 200커버드콜ATM레버리지', 'option,leverage')","('KOSEF 국고채10년', 'bond')",1.0,-0.296482,3.192778,0.8084077357147889,7.386643886626541,0.2797684876042955,0.7035175879396985,0.8786086085822664,0.6030150753768845,0.9949748743718593,inf,inf
656,A292340,A332620,"('마이티 200커버드콜ATM레버리지', 'option,leverage')","('ARIRANG 미국장기우량회사채', 'US,bond')",1.0,0.477387,3.213953,1.7154119014035976,3.7027237441030696,0.2721123086411194,1.4773869346733668,1.7516673403036918,1.4472361809045227,1.9195979899497488,inf,inf
657,A292340,A182490,"('마이티 200커버드콜ATM레버리지', 'option,leverage')","('TIGER 단기선진하이일드(합성 H)', 'global,high-yield')",1.0,-1.0,3.209231,0.08889709331380424,7.45933164458239,0.2780144924459672,0.0,0.165943272892628,0.0,0.30150753768844224,318.0,inf
658,A292340,A292770,"('마이티 200커버드콜ATM레버리지', 'option,leverage')","('KODEX 국채선물3년인버스', 'inverse,bond')",1.0,0.869347,3.193193,1.972824609001846,7.4328487393885405,0.2805440845575608,1.8693467336683418,2.0445855112590525,1.7487437185929648,2.0,inf,200.0
659,A292340,A123310,"('마이티 200커버드콜ATM레버리지', 'option,leverage')","('TIGER 인버스', 'inverse')",1.0,1.0,3.649673,2.0262876678929804,14.986238111961127,0.15974718795444767,2.0,2.0567973355258573,0.0,0.0,inf,200.0
660,A292340,A166400,"('마이티 200커버드콜ATM레버리지', 'option,leverage')","('TIGER 200커버드콜5%OTM', 'option')",1.0,-1.0,3.589049,0.008436944359765433,32.718555918603265,0.1827711264722225,1.1102230246251565e-16,0.025874327960420773,0.0,0.09045226130653267,228.0,inf
661,A292340,A271050,"('마이티 200커버드콜ATM레버리지', 'option,leverage')","('KODEX WTI원유선물인버스(H)', 'commodity,inverse')",1.0,0.025126,3.19362,1.1969200454447395,4.653010597051059,0.28037570657990385,1.0251256281407035,1.2602139064188316,0.9447236180904522,1.407035175879397,inf,inf
662,A292340,A132030,"('마이티 200커버드콜ATM레버리지', 'option,leverage')","('KODEX 골드선물(H)', 'commodity')",1.0,-0.015075,3.190499,1.1199517901901688,5.776715654851067,0.28103526973639686,0.9849246231155779,1.1884830014353658,0.8844221105527639,1.3165829145728642,inf,inf
663,A292340,A138910,"('마이티 200커버드콜ATM레버리지', 'option,leverage')","('KODEX 구리선물(H)', 'commodity')",1.0,-0.21608,3.211467,0.9233597398563718,4.806029652673545,0.2738607290442521,0.7839195979899498,0.9911657857473317,0.6834170854271356,1.1256281407035176,inf,inf
664,A292340,A316300,"('마이티 200커버드콜ATM레버리지', 'option,leverage')","('KINDEX 싱가포르리츠', 'singapore,real-estate')",1.0,-0.487437,3.205584,0.6499047204855618,5.196603754200661,0.27688121333095295,0.5125628140703518,0.7220306704827046,0.4120603015075377,0.864321608040201,inf,inf
665,A292340,A352560,"('마이티 200커버드콜ATM레버리지', 'option,leverage')","('KODEX 다우존스미국리츠(H)', 'US,real-estate')",1.0,-0.537688,3.269007,0.5842413723894443,4.164890772956589,0.25124846136838747,0.4623115577889447,0.6488446106577951,0.35175879396984927,0.7939698492462312,inf,inf
666,A292340,A250780,"('마이티 200커버드콜ATM레버리지', 'option,leverage')","('TIGER 코스닥150선물인버스', 'inverse')",1.0,0.648241,3.427546,1.7523259082607097,6.024981964083601,0.21042340299642667,1.6482412060301508,1.8168635721277253,1.5778894472361809,1.879396984924623,inf,inf
667,A292340,A295020,"('마이티 200커버드콜ATM레버리지', 'option,leverage')","('KBSTAR 국채선물10년인버스', 'inverse,bond')",1.0,0.286432,3.192236,1.3916301002665086,7.343913793651121,0.2801138008355416,1.2864321608040201,1.4620370938131129,1.1758793969849246,1.5577889447236182,inf,inf
668,A292340,A217780,"('마이티 200커버드콜ATM레버리지', 'option,leverage')","('TIGER 차이나CSI300인버스(합성)', 'china,inverse')",1.0,0.376884,3.219823,1.4562722577102247,6.246270410697453,0.27238108194770977,1.3768844221105527,1.5267381601679648,1.236180904522613,1.6281407035175879,inf,inf
669,A292340,A225030,"('마이티 200커버드콜ATM레버리지', 'option,leverage')","('TIGER 미국S&P500선물인버스(H)', 'US,inverse')",1.0,0.829146,3.369694,2.0299908725579083,1.860299254538665,0.2206254470335967,1.829145728643216,2.0335005114959683,1.7185929648241207,2.0,inf,200.0
670,A292340,A373530,"('마이티 200커버드콜ATM레버리지', 'option,leverage')","('ARIRANG 신흥국MSCI인버스(합성 H)', 'emerging-market,inverse')",1.0,0.829146,3.367667,1.8634361166153008,6.562012227066296,0.22561795515146388,1.829145728643216,1.9238735226913075,1.678391959798995,1.9899497487437185,inf,inf
671,A292340,A280940,"('마이티 200커버드콜ATM레버리지', 'option,leverage')","('KODEX 골드선물인버스(H)', 'commodity,inverse')",1.0,0.035176,3.190598,1.1723467919796513,5.679754353631856,0.2810204283587219,1.035175879396985,1.240259547389737,0.9346733668341709,1.3668341708542713,inf,inf
672,A166400,A305720,"('TIGER 200커버드콜5%OTM', 'option')","('KODEX 2차전지산업', 'technology,manufacturing')",1.0,-0.276382,3.746913,0.8939585610409043,2.096872055242933,0.15089485240434328,0.7236180904522612,0.8937655097130718,0.7035175879396985,1.035175879396985,inf,inf
673,A166400,A091180,"('TIGER 200커버드콜5%OTM', 'option')","('KODEX 자동차', 'technology,manufacturing')",1.0,-0.256281,3.783088,0.8221426798694627,5.921941526276485,0.13807377415162997,0.743718592964824,0.8522863679130854,0.7035175879396985,0.9045226130653267,inf,inf
674,A166400,A228800,"('TIGER 200커버드콜5%OTM', 'option')","('TIGER 여행레저', 'retail')",1.0,-0.266332,3.75628,0.8792256925479931,2.3380675630314935,0.1389354721613303,0.7336683417085426,0.887022312488283,0.7135678391959799,1.0050251256281406,inf,inf
675,A166400,A161510,"('TIGER 200커버드콜5%OTM', 'option')","('ARIRANG 고배당주', 'high-dividend')",1.0,-0.567839,3.830787,0.7558208188345267,1.0039254008538796,0.13451469351085782,0.4321608040201004,0.6246355986506932,0.4321608040201005,0.9246231155778895,inf,inf
676,A166400,A150460,"('TIGER 200커버드콜5%OTM', 'option')","('TIGER 중국소비테마', 'china,retail')",1.0,-0.477387,3.862491,0.5848301334467247,5.5260911600044444,0.12399440723146725,0.522613065326633,0.6025745059906501,0.4824120603015075,0.6733668341708543,inf,inf
677,A166400,A228810,"('TIGER 200커버드콜5%OTM', 'option')","('TIGER 미디어컨텐츠', 'retail')",1.0,-0.236181,3.742365,1.0165256406610903,1.0929977115608276,0.151551766630356,0.7638190954773868,0.9282410292921714,0.7638190954773869,1.185929648241206,inf,inf
678,A166400,A139220,"('TIGER 200커버드콜5%OTM', 'option')","('TIGER 200 건설', 'utilities')",1.0,-0.376884,3.815841,0.7114594166501249,4.355132555825469,0.13831835862821712,0.6231155778894473,0.7335564280342441,0.5829145728643216,0.8140703517587939,inf,inf
679,A166400,A117680,"('TIGER 200커버드콜5%OTM', 'option')","('KODEX 철강', 'commodity')",1.0,-0.226131,3.728637,0.9061883726223552,3.7673788980079537,0.15110788008247017,0.7738693467336683,0.9300596704075829,0.7537688442211056,1.015075376884422,inf,inf
680,A166400,A174350,"('TIGER 200커버드콜5%OTM', 'option')","('TIGER 로우볼', 'volatility')",1.0,-0.708543,3.895429,0.49753112099738594,1.61629736385825,0.12462085726770855,0.2914572864321606,0.4569599075823202,0.2914572864321608,0.6331658291457286,inf,inf
681,A166400,A244670,"('TIGER 200커버드콜5%OTM', 'option')","('KODEX 밸류Plus', 'value')",1.0,-0.557789,3.945431,0.5017242584647444,5.6354177714900855,0.11699576981441999,0.4422110552763818,0.5085548274988396,0.4020100502512563,0.5829145728643216,inf,329.0
682,A166400,A322150,"('TIGER 200커버드콜5%OTM', 'option')","('KINDEX 스마트하이베타', 'factor-model')",1.0,-0.658291,4.202167,0.3622431499369187,14.11611696004095,0.08197654419389297,0.34170854271356765,0.38088067995587305,0.31155778894472363,0.4020100502512563,inf,335.0
683,A166400,A337120,"('TIGER 200커버드콜5%OTM', 'option')","('KODEX Fn멀티팩터', 'factor-model')",1.0,-0.728643,4.173154,0.30430657625013063,11.156318037732527,0.0919602145685962,0.27135678391959794,0.325487436023258,0.24120603015075376,0.35175879396984927,inf,inf
684,A166400,A147970,"('TIGER 200커버드콜5%OTM', 'option')","('TIGER 모멘텀', 'momentum')",1.0,-0.557789,3.886004,0.5960412606975822,2.463831274942213,0.129315517044431,0.4422110552763818,0.5992506140418876,0.44221105527638194,0.7135678391959799,inf,inf
685,A166400,A243880,"('TIGER 200커버드콜5%OTM', 'option')","('TIGER 200IT레버리지', 'leverage,technology')",1.0,-0.19598,4.049636,0.8457363018928692,4.873420797624081,0.10672038019702992,0.8040201005025125,0.8712990442465793,0.7537688442211056,0.914572864321608,inf,inf
686,A166400,A153130,"('TIGER 200커버드콜5%OTM', 'option')","('KODEX 단기채권', 'bond')",1.0,-0.19598,3.632972,0.9665249132568418,2.896146769531809,0.16803824850712398,0.8040201005025125,0.9825985811734989,0.7839195979899498,1.105527638190955,inf,inf
687,A166400,A148070,"('TIGER 200커버드콜5%OTM', 'option')","('KOSEF 국고채10년', 'bond')",1.0,-0.105528,3.633671,1.037042263011067,3.2892687061610366,0.1676999030057036,0.8944723618090451,1.0618496091086795,0.864321608040201,1.1658291457286432,inf,inf
688,A166400,A332620,"('TIGER 200커버드콜5%OTM', 'option')","('ARIRANG 미국장기우량회사채', 'US,bond')",1.0,0.366834,3.667335,1.6274426222538954,2.149283559792929,0.16311523945779602,1.366834170854271,1.5987998258216083,1.3668341708542713,1.7587939698492463,inf,inf
689,A166400,A182490,"('TIGER 200커버드콜5%OTM', 'option')","('TIGER 단기선진하이일드(합성 H)', 'global,high-yield')",1.0,-0.487437,3.642866,0.6417968468087849,3.354918549332665,0.16588273543600265,0.5125628140703515,0.671773108905601,0.4723618090452261,0.7839195979899498,inf,inf
690,A166400,A292770,"('TIGER 200커버드콜5%OTM', 'option')","('KODEX 국채선물3년인버스', 'inverse,bond')",1.0,0.648241,3.636646,1.7716202539457415,3.7790984971473978,0.1673176187308294,1.6482412060301508,1.804739478320876,1.6080402010050252,1.879396984924623,inf,inf
691,A166400,A123310,"('TIGER 200커버드콜5%OTM', 'option')","('TIGER 인버스', 'inverse')",1.0,0.839196,4.208114,1.8697815669662992,11.057177770725636,0.08242066687084115,1.8391959798994972,1.893675222352495,1.8190954773869348,1.899497487437186,inf,203.0
692,A166400,A292340,"('TIGER 200커버드콜5%OTM', 'option')","('마이티 200커버드콜ATM레버리지', 'option,leverage')",1.0,-0.477387,4.04455,0.575443296150138,6.876297071125134,0.10147914195523818,0.5226130653266331,0.6029795303723391,0.49246231155778897,0.6331658291457286,inf,331.0
693,A166400,A271050,"('TIGER 200커버드콜5%OTM', 'option')","('KODEX WTI원유선물인버스(H)', 'commodity,inverse')",1.0,0.015075,3.635869,1.209004088793901,2.4929858806235323,0.1683388811991919,1.0150753768844218,1.2115690843840288,1.015075376884422,1.3467336683417086,inf,inf
694,A166400,A132030,"('TIGER 200커버드콜5%OTM', 'option')","('KODEX 골드선물(H)', 'commodity')",1.0,-0.045226,3.633661,1.118442426178919,2.8518586062915103,0.16837710240656692,0.9547738693467336,1.1329993338799227,0.9346733668341709,1.256281407035176,inf,inf
695,A166400,A138910,"('TIGER 200커버드콜5%OTM', 'option')","('KODEX 구리선물(H)', 'commodity')",1.0,-0.18593,3.669206,0.9916247820687165,2.3190505061552344,0.16582667396059272,0.8140703517587938,0.9948898604128008,0.7939698492462312,1.1457286432160805,inf,inf
696,A166400,A316300,"('TIGER 200커버드콜5%OTM', 'option')","('KINDEX 싱가포르리츠', 'singapore,real-estate')",1.0,-0.396985,3.657606,0.7830490445441983,2.3239822178527607,0.16479247054352944,0.6030150753768844,0.7854617653419036,0.5829145728643216,0.9346733668341709,inf,inf
697,A166400,A352560,"('TIGER 200커버드콜5%OTM', 'option')","('KODEX 다우존스미국리츠(H)', 'US,real-estate')",1.0,-0.316583,3.699289,0.8701113620732065,1.8343335016747973,0.1537472264981658,0.6834170854271355,0.8509655599432022,0.6733668341708543,1.0251256281407035,inf,inf
698,A166400,A250780,"('TIGER 200커버드콜5%OTM', 'option')","('TIGER 코스닥150선물인버스', 'inverse')",1.0,0.447236,3.921695,1.6103624393042573,2.0730668565411934,0.12041671764390746,1.4472361809045227,1.6007331508665765,1.4472361809045227,1.6984924623115578,inf,inf
699,A166400,A295020,"('TIGER 200커버드콜5%OTM', 'option')","('KBSTAR 국채선물10년인버스', 'inverse,bond')",1.0,0.015075,3.632984,1.172812416088722,2.976663040584081,0.16800857409067563,1.0150753768844218,1.1910317339345737,0.9949748743718593,1.306532663316583,inf,inf
700,A166400,A217780,"('TIGER 200커버드콜5%OTM', 'option')","('TIGER 차이나CSI300인버스(합성)', 'china,inverse')",1.0,0.306533,3.680037,1.414570427837541,2.9454996278870498,0.16047732494227931,1.306532663316583,1.4404864076063277,1.236180904522613,1.5376884422110553,inf,inf
701,A166400,A225030,"('TIGER 200커버드콜5%OTM', 'option')","('TIGER 미국S&P500선물인버스(H)', 'US,inverse')",1.0,0.60804,3.882275,0.00209886056880833,-0.14083139940102574,0.13013691349920517,1.608040201005025,1.786236092798723,0.0,1.6180904522613067,inf,200.0
702,A166400,A373530,"('TIGER 200커버드콜5%OTM', 'option')","('ARIRANG 신흥국MSCI인버스(합성 H)', 'emerging-market,inverse')",1.0,0.61809,3.884364,1.6845340242220028,3.1027129511566938,0.126988771109266,1.6180904522613067,1.7145773416323773,1.5477386934673367,1.7688442211055277,inf,inf
703,A166400,A280940,"('TIGER 200커버드콜5%OTM', 'option')","('KODEX 골드선물인버스(H)', 'commodity,inverse')",1.0,0.035176,3.633303,1.200052140336377,2.8436330146035824,0.16828539215191574,1.0351758793969847,1.2143852194293163,1.015075376884422,1.3366834170854272,inf,inf
704,A271050,A305720,"('KODEX WTI원유선물인버스(H)', 'commodity,inverse')","('KODEX 2차전지산업', 'technology,manufacturing')",1.0,0.266332,2.182813,2.583583373637505,2.402490473088405,0.6507889358300333,1.2663316582914572,2.5389975272855,1.2763819095477387,2.0,inf,200.0
705,A271050,A091180,"('KODEX WTI원유선물인버스(H)', 'commodity,inverse')","('KODEX 자동차', 'technology,manufacturing')",1.0,0.145729,2.179857,2.4982268508878356,2.3265089680411575,0.65176147455297,1.1457286432160805,2.450540283644566,1.1457286432160805,2.0,inf,200.0
706,A271050,A228800,"('KODEX WTI원유선물인버스(H)', 'commodity,inverse')","('TIGER 여행레저', 'retail')",1.0,0.417085,2.192139,2.7837193847289794,2.3454011709374902,0.6455488331537974,1.4170854271356783,2.720427472761122,1.4170854271356783,2.0,inf,200.0
707,A271050,A161510,"('KODEX WTI원유선물인버스(H)', 'commodity,inverse')","('ARIRANG 고배당주', 'high-dividend')",1.0,0.98995,2.205865,3.2284895795913413,2.6425772990047895,0.6482836992882703,1.9899497487437185,3.2293563346531022,1.92964824120603,2.0,inf,200.0
708,A271050,A150460,"('KODEX WTI원유선물인버스(H)', 'commodity,inverse')","('TIGER 중국소비테마', 'china,retail')",1.0,0.577889,2.192233,3.101706538276481,2.043960735083771,0.6474007286920717,1.5778894472361809,2.9615217002684515,1.5778894472361809,2.0,inf,200.0
709,A271050,A228810,"('KODEX WTI원유선물인버스(H)', 'commodity,inverse')","('TIGER 미디어컨텐츠', 'retail')",1.0,0.336683,2.18888,2.6225524803845404,2.6604555301424146,0.6465337751286736,1.3366834170854272,2.620867246287791,1.3366834170854272,2.0,inf,200.0
710,A271050,A139220,"('KODEX WTI원유선물인버스(H)', 'commodity,inverse')","('TIGER 200 건설', 'utilities')",1.0,0.346734,2.18469,2.7266023453321777,2.304514085601134,0.6505035021730344,1.3467336683417086,2.6740125224201576,1.3467336683417086,2.0,inf,200.0
711,A271050,A117680,"('KODEX WTI원유선물인버스(H)', 'commodity,inverse')","('KODEX 철강', 'commodity')",1.0,0.507538,2.201539,2.9340452462142155,2.089997821765644,0.642958506480916,1.5075376884422111,2.8208357372754955,1.5075376884422111,2.0,inf,200.0
712,A271050,A174350,"('KODEX WTI원유선물인버스(H)', 'commodity,inverse')","('TIGER 로우볼', 'volatility')",1.0,0.869347,2.194273,3.1761685861862246,2.4378915036486637,0.6495902679132606,1.8693467336683418,3.1496247588009565,1.8693467336683418,2.0,inf,200.0
713,A271050,A244670,"('KODEX WTI원유선물인버스(H)', 'commodity,inverse')","('KODEX 밸류Plus', 'value')",1.0,0.577889,2.191412,3.0862037432823874,2.0592280914849392,0.6472666874922183,1.5778894472361809,2.9586256857520463,1.5778894472361809,2.0,inf,200.0
714,A271050,A322150,"('KODEX WTI원유선물인버스(H)', 'commodity,inverse')","('KINDEX 스마트하이베타', 'factor-model')",1.0,0.437186,2.185898,2.893122715468029,2.1807593795353686,0.651914366157253,1.4371859296482412,2.7946591352753742,1.4371859296482412,2.0,inf,200.0
715,A271050,A337120,"('KODEX WTI원유선물인버스(H)', 'commodity,inverse')","('KODEX Fn멀티팩터', 'factor-model')",1.0,0.567839,2.188624,3.0428719975137453,2.1331963991888805,0.650506337527594,1.5678391959798996,2.9295788329469294,1.5678391959798996,2.0,inf,200.0
716,A271050,A147970,"('KODEX WTI원유선물인버스(H)', 'commodity,inverse')","('TIGER 모멘텀', 'momentum')",1.0,0.768844,2.198713,3.124331213999286,2.2993476665490813,0.6435346124031679,1.7688442211055277,3.062591165556651,1.7688442211055277,2.0,inf,200.0
717,A271050,A243880,"('KODEX WTI원유선물인버스(H)', 'commodity,inverse')","('TIGER 200IT레버리지', 'leverage,technology')",1.0,0.115578,2.182913,2.503765106128959,2.320644242413873,0.6499070270868691,1.1155778894472361,2.4461931059803654,1.1155778894472361,2.0,inf,200.0
718,A271050,A153130,"('KODEX WTI원유선물인버스(H)', 'commodity,inverse')","('KODEX 단기채권', 'bond')",1.0,1.0,2.177615,3.263899977945348,2.5094874389553676,0.6527111121985324,2.0,3.2597189721367075,0.0,0.0,inf,200.0
719,A271050,A148070,"('KODEX WTI원유선물인버스(H)', 'commodity,inverse')","('KOSEF 국고채10년', 'bond')",1.0,-1.0,2.185253,1.1159412149959174,2.8217081271858926,0.6523369412391026,0.0,1.1705602033252143,0.0,1.778894472361809,inf,315.0
720,A271050,A332620,"('KODEX WTI원유선물인버스(H)', 'commodity,inverse')","('ARIRANG 미국장기우량회사채', 'US,bond')",1.0,-0.899497,2.188622,1.167065561672855,2.7244901644793758,0.661997616084684,0.10050251256281406,1.2324014155202039,0.10050251256281408,1.849246231155779,inf,314.0
721,A271050,A182490,"('KODEX WTI원유선물인버스(H)', 'commodity,inverse')","('TIGER 단기선진하이일드(합성 H)', 'global,high-yield')",1.0,0.316583,2.177781,2.609167850317739,2.4788093436411662,0.6532146715445875,1.3165829145728642,2.594069673443393,1.3165829145728642,2.0,inf,200.0
722,A271050,A292770,"('KODEX WTI원유선물인버스(H)', 'commodity,inverse')","('KODEX 국채선물3년인버스', 'inverse,bond')",1.0,0.59799,2.177721,2.836007472797673,2.562333290773748,0.6535298399491207,1.5979899497487438,2.8443603624999323,1.5979899497487438,2.0,inf,200.0
723,A271050,A123310,"('KODEX WTI원유선물인버스(H)', 'commodity,inverse')","('TIGER 인버스', 'inverse')",1.0,-0.467337,2.18328,1.945621152327179,2.237592181731061,0.6528426925502139,0.5326633165829145,1.866787784625891,0.5326633165829145,2.0,inf,242.0
724,A271050,A292340,"('KODEX WTI원유선물인버스(H)', 'commodity,inverse')","('마이티 200커버드콜ATM레버리지', 'option,leverage')",1.0,0.21608,2.180757,2.5796987570723564,2.3172369941097717,0.6528682383222976,1.2160804020100502,2.5256710441347394,1.2160804020100502,2.0,inf,200.0
725,A271050,A166400,"('KODEX WTI원유선물인버스(H)', 'commodity,inverse')","('TIGER 200커버드콜5%OTM', 'option')",1.0,0.326633,2.180513,2.710458305463644,2.297473633736391,0.6554733525527573,1.3266331658291457,2.6502464082035635,1.3266331658291457,2.0,inf,200.0
726,A271050,A132030,"('KODEX WTI원유선물인버스(H)', 'commodity,inverse')","('KODEX 골드선물(H)', 'commodity')",1.0,0.628141,2.185301,2.8618061146300784,2.604915452393613,0.6356812141087491,1.6281407035175879,2.8825254019639646,1.6281407035175879,2.0,inf,200.0
727,A271050,A138910,"('KODEX WTI원유선물인버스(H)', 'commodity,inverse')","('KODEX 구리선물(H)', 'commodity')",1.0,1.0,2.259404,3.258600826392506,2.671789252158719,0.5844299206130342,2.0,3.247344514159688,0.0,0.0,inf,200.0
728,A271050,A316300,"('KODEX WTI원유선물인버스(H)', 'commodity,inverse')","('KINDEX 싱가포르리츠', 'singapore,real-estate')",1.0,1.0,2.198098,3.250203482549093,2.6203324113636843,0.6408481993738286,2.0,3.2529852237956853,0.0,0.0,inf,200.0
729,A271050,A352560,"('KODEX WTI원유선물인버스(H)', 'commodity,inverse')","('KODEX 다우존스미국리츠(H)', 'US,real-estate')",1.0,0.417085,2.183321,2.701613568313448,2.566335892007027,0.6502987847123266,1.4170854271356783,2.695746160660178,1.4170854271356783,2.0,inf,200.0
730,A271050,A250780,"('KODEX WTI원유선물인버스(H)', 'commodity,inverse')","('TIGER 코스닥150선물인버스', 'inverse')",1.0,-0.075377,2.1779,2.210216869601549,2.4649337219797443,0.6526887427833936,0.9246231155778895,2.194318125413229,0.9246231155778895,2.0,inf,200.0
731,A271050,A295020,"('KODEX WTI원유선물인버스(H)', 'commodity,inverse')","('KBSTAR 국채선물10년인버스', 'inverse,bond')",1.0,1.0,2.183641,3.112100451074888,2.831022114922809,0.6547935805716845,2.0,3.1690174076548088,0.0,0.0,inf,200.0
732,A271050,A217780,"('KODEX WTI원유선물인버스(H)', 'commodity,inverse')","('TIGER 차이나CSI300인버스(합성)', 'china,inverse')",1.0,-0.055276,2.177645,2.227305586399979,2.4994542029438054,0.6526014059703981,0.9447236180904522,2.2182247553571894,0.9447236180904522,2.0,inf,200.0
733,A271050,A225030,"('KODEX WTI원유선물인버스(H)', 'commodity,inverse')","('TIGER 미국S&P500선물인버스(H)', 'US,inverse')",1.0,-0.648241,2.1898,1.6339561547156833,2.5817801710387753,0.6507899366984357,0.3517587939698492,1.6165886671044034,0.35175879396984927,2.0,inf,310.0
734,A271050,A373530,"('KODEX WTI원유선물인버스(H)', 'commodity,inverse')","('ARIRANG 신흥국MSCI인버스(합성 H)', 'emerging-market,inverse')",1.0,-0.58794,2.187524,1.8174991313025157,2.351156300808036,0.6534187471500115,0.4120603015075377,1.754703283912297,0.4221105527638191,2.0,inf,260.0
735,A271050,A280940,"('KODEX WTI원유선물인버스(H)', 'commodity,inverse')","('KODEX 골드선물인버스(H)', 'commodity,inverse')",1.0,-0.668342,2.185946,1.5325280359680695,2.6449083637745816,0.6350791169641115,0.3316582914572864,1.5631985134206594,0.3316582914572864,2.0,inf,310.0
736,A132030,A305720,"('KODEX 골드선물(H)', 'commodity')","('KODEX 2차전지산업', 'technology,manufacturing')",1.0,0.015075,3.799281,1.0009768135340174,10.598614394060636,0.1453800651015111,1.0150753768844218,0.9975147965805662,0.9045226130653267,1.0753768844221105,inf,335.0
737,A132030,A091180,"('KODEX 골드선물(H)', 'commodity')","('KODEX 자동차', 'technology,manufacturing')",1.0,0.025126,3.800023,1.0134784410332618,11.085505931054392,0.14507967856419285,1.0251256281407035,1.0139182902309196,0.9246231155778895,1.085427135678392,inf,335.0
738,A132030,A228800,"('KODEX 골드선물(H)', 'commodity')","('TIGER 여행레저', 'retail')",1.0,-0.015075,3.799441,0.9683777118013784,9.882199863470188,0.1454644054064759,0.9849246231155778,0.9656058684106416,0.8743718592964824,1.0452261306532664,inf,335.0
739,A132030,A161510,"('KODEX 골드선물(H)', 'commodity')","('ARIRANG 고배당주', 'high-dividend')",1.0,-0.005025,3.798856,0.9797400457297284,10.073567897083464,0.145254022699271,0.9949748743718592,0.9771512581202559,0.8844221105527639,1.0552763819095476,inf,335.0
740,A132030,A150460,"('KODEX 골드선물(H)', 'commodity')","('TIGER 중국소비테마', 'china,retail')",1.0,-0.065327,3.804222,0.9119114886908355,8.643597614811002,0.14448661742242186,0.9346733668341708,0.9033809398875681,0.8140703517587939,0.9849246231155779,inf,334.0
741,A132030,A228810,"('KODEX 골드선물(H)', 'commodity')","('TIGER 미디어컨텐츠', 'retail')",1.0,-0.025126,3.800185,0.9566254407499163,10.093995684855965,0.14511452316950837,0.9748743718592964,0.9555354035916102,0.864321608040201,1.0251256281407035,inf,333.0
742,A132030,A139220,"('KODEX 골드선물(H)', 'commodity')","('TIGER 200 건설', 'utilities')",1.0,-0.045226,3.802201,0.9351133814753166,9.31126759530248,0.14464884351274346,0.9547738693467336,0.9287802667396508,0.8341708542713568,1.015075376884422,inf,335.0
743,A132030,A117680,"('KODEX 골드선물(H)', 'commodity')","('KODEX 철강', 'commodity')",1.0,-0.025126,3.800411,0.9591751470384574,9.977471793200305,0.14542798628517417,0.9748743718592964,0.9545593551388059,0.864321608040201,1.035175879396985,inf,335.0
744,A132030,A174350,"('KODEX 골드선물(H)', 'commodity')","('TIGER 로우볼', 'volatility')",1.0,-0.045226,3.800181,0.9390228459746828,10.109925165234307,0.14528692846059002,0.9547738693467336,0.9360567070560999,0.8442211055276382,1.015075376884422,inf,335.0
745,A132030,A244670,"('KODEX 골드선물(H)', 'commodity')","('KODEX 밸류Plus', 'value')",1.0,-0.055276,3.80175,0.9240848767472656,9.187409707903926,0.14536376690985733,0.9447236180904521,0.9157598202303102,0.8241206030150754,1.0050251256281406,inf,335.0
746,A132030,A322150,"('KODEX 골드선물(H)', 'commodity')","('KINDEX 스마트하이베타', 'factor-model')",1.0,0.005025,3.798858,0.9904390741123934,10.168663384085592,0.1452382728758834,1.0050251256281406,0.9881234985782863,0.8944723618090452,1.065326633165829,inf,335.0
747,A132030,A337120,"('KODEX 골드선물(H)', 'commodity')","('KODEX Fn멀티팩터', 'factor-model')",1.0,0.005025,3.798818,0.9902921864971624,10.141612081180082,0.1452250186904628,1.0050251256281406,0.9879184476527133,0.8944723618090452,1.065326633165829,inf,335.0
748,A132030,A147970,"('KODEX 골드선물(H)', 'commodity')","('TIGER 모멘텀', 'momentum')",1.0,-0.015075,3.799153,0.9694069223967192,10.017756144575236,0.14524481034843964,0.9849246231155778,0.966417076859302,0.8743718592964824,1.0452261306532664,inf,335.0
749,A132030,A243880,"('KODEX 골드선물(H)', 'commodity')","('TIGER 200IT레버리지', 'leverage,technology')",1.0,-0.005025,3.798885,0.9778356386720533,9.773148544634834,0.1453720409098761,0.9949748743718592,0.9741940119778291,0.8844221105527639,1.0552763819095476,inf,335.0
750,A132030,A153130,"('KODEX 골드선물(H)', 'commodity')","('KODEX 단기채권', 'bond')",1.0,1.0,3.799489,1.980312817441788,9.322551258438818,0.14507047981070118,2.0,1.9760979083039412,0.0,0.0,inf,200.0
751,A132030,A148070,"('KODEX 골드선물(H)', 'commodity')","('KOSEF 국고채10년', 'bond')",1.0,-0.296482,3.806731,0.6669862034422939,6.649391527490616,0.14320410474312523,0.7035175879396984,0.6573640339176257,0.5527638190954774,0.7537688442211056,inf,inf
752,A132030,A332620,"('KODEX 골드선물(H)', 'commodity')","('ARIRANG 미국장기우량회사채', 'US,bond')",1.0,-0.115578,3.803115,0.8523885524325215,7.3939017034261,0.1427836688516934,0.8844221105527638,0.8492774924774074,0.7437185929648241,0.9346733668341709,inf,335.0
753,A132030,A182490,"('KODEX 골드선물(H)', 'commodity')","('TIGER 단기선진하이일드(합성 H)', 'global,high-yield')",1.0,0.055276,3.799015,1.041964021776241,10.374560109245992,0.14541814216264354,1.0552763819095476,1.0393837417026217,0.9447236180904522,1.1155778894472361,inf,335.0
754,A132030,A292770,"('KODEX 골드선물(H)', 'commodity')","('KODEX 국채선물3년인버스', 'inverse,bond')",1.0,0.236181,3.799513,1.2152623114551657,8.97084563855218,0.145022760526491,1.2361809045226129,1.2106037814308388,1.1155778894472361,1.2864321608040201,inf,335.0
755,A132030,A123310,"('KODEX 골드선물(H)', 'commodity')","('TIGER 인버스', 'inverse')",1.0,0.005025,3.798837,0.98933012422299,9.945517044209895,0.14526362720748281,1.0050251256281406,0.9863320898561405,0.8944723618090452,1.065326633165829,inf,335.0
756,A132030,A292340,"('KODEX 골드선물(H)', 'commodity')","('마이티 200커버드콜ATM레버리지', 'option,leverage')",1.0,-0.005025,3.798863,0.9791235824603153,9.916812018772454,0.1452754590995166,0.9949748743718592,0.9759964248534981,0.8844221105527639,1.0552763819095476,inf,335.0
757,A132030,A166400,"('KODEX 골드선물(H)', 'commodity')","('TIGER 200커버드콜5%OTM', 'option')",1.0,-0.035176,3.7995,0.945667819075854,9.307619576072435,0.1454651421572849,0.9648241206030149,0.9406265468048834,0.8442211055276382,1.0251256281407035,inf,335.0
758,A132030,A271050,"('KODEX 골드선물(H)', 'commodity')","('KODEX WTI원유선물인버스(H)', 'commodity,inverse')",1.0,0.025126,3.806595,1.0306577252280005,14.88133509547039,0.14261257616059758,1.0251256281407035,1.038969331754191,0.9447236180904522,1.0954773869346734,inf,236.0
759,A132030,A138910,"('KODEX 골드선물(H)', 'commodity')","('KODEX 구리선물(H)', 'commodity')",1.0,-0.165829,3.840306,0.8154992214148803,12.675859901931435,0.14210278452603592,0.8341708542713567,0.8192518821258411,0.7336683417085427,0.8844221105527639,inf,333.0
760,A132030,A316300,"('KODEX 골드선물(H)', 'commodity')","('KINDEX 싱가포르리츠', 'singapore,real-estate')",1.0,-0.095477,3.800725,0.8887803464650157,10.47450540115029,0.144750513296468,0.9045226130653266,0.8877762613697489,0.7939698492462312,0.964824120603015,inf,335.0
761,A132030,A352560,"('KODEX 골드선물(H)', 'commodity')","('KODEX 다우존스미국리츠(H)', 'US,real-estate')",1.0,-0.025126,3.799267,0.9582984986279871,10.072840826180348,0.14544403162223152,0.9748743718592964,0.9561345423357557,0.864321608040201,1.035175879396985,inf,335.0
762,A132030,A250780,"('KODEX 골드선물(H)', 'commodity')","('TIGER 코스닥150선물인버스', 'inverse')",1.0,-0.015075,3.799273,0.970336354013486,10.252058774699675,0.14509624282668038,0.9849246231155778,0.9677738895706816,0.8743718592964824,1.0452261306532664,inf,335.0
763,A132030,A295020,"('KODEX 골드선물(H)', 'commodity')","('KBSTAR 국채선물10년인버스', 'inverse,bond')",1.0,0.286432,3.805084,1.2501258083443605,6.721081357440137,0.14357877514388445,1.28643216080402,1.240792519148472,1.135678391959799,1.3266331658291457,inf,inf
764,A132030,A217780,"('KODEX 골드선물(H)', 'commodity')","('TIGER 차이나CSI300인버스(합성)', 'china,inverse')",1.0,0.065327,3.801262,1.0414063262346696,9.127216473910002,0.14527300055021308,1.0653266331658289,1.0381078479836514,0.9447236180904522,1.1155778894472361,inf,335.0
765,A132030,A225030,"('KODEX 골드선물(H)', 'commodity')","('TIGER 미국S&P500선물인버스(H)', 'US,inverse')",1.0,-0.015075,3.798971,0.9702965902454749,10.025207111258325,0.14496776742967868,0.9849246231155778,0.9669483176543618,0.8743718592964824,1.0452261306532664,inf,335.0
766,A132030,A373530,"('KODEX 골드선물(H)', 'commodity')","('ARIRANG 신흥국MSCI인버스(합성 H)', 'emerging-market,inverse')",1.0,0.035176,3.799955,1.0160406383359875,9.495327520202014,0.14529103727853063,1.0351758793969847,1.0126134054179878,0.914572864321608,1.085427135678392,inf,335.0
767,A132030,A280940,"('KODEX 골드선물(H)', 'commodity')","('KODEX 골드선물인버스(H)', 'commodity,inverse')",1.0,0.949749,4.835118,1.9696818622903016,22.12581775982548,0.053291737596077304,1.949748743718593,1.9802837528034605,1.9396984924623115,1.9798994974874373,inf,200.0
768,A138910,A305720,"('KODEX 구리선물(H)', 'commodity')","('KODEX 2차전지산업', 'technology,manufacturing')",1.0,-0.19598,3.293873,0.816114857453831,11.617133053854232,0.23885233317678292,0.8040201005025126,0.7805482535983954,0.6633165829145728,0.9447236180904522,312.0,251.0
769,A138910,A091180,"('KODEX 구리선물(H)', 'commodity')","('KODEX 자동차', 'technology,manufacturing')",1.0,-0.145729,3.286883,0.860490007974354,12.831133533909723,0.24185500778521235,0.8542713567839196,0.7968042305151224,0.7135678391959799,0.9849246231155779,307.0,inf
770,A138910,A228800,"('KODEX 구리선물(H)', 'commodity')","('TIGER 여행레저', 'retail')",1.0,-0.20603,3.29929,0.8026095760206458,15.195479743894111,0.2426128291039578,0.7939698492462312,0.7570382356048918,0.6633165829145728,0.914572864321608,312.0,251.0
771,A138910,A161510,"('KODEX 구리선물(H)', 'commodity')","('ARIRANG 고배당주', 'high-dividend')",1.0,-0.376884,3.305015,0.6470430479444678,23.41186761037026,0.2416118212148148,0.6231155778894473,0.6147924701601709,0.6231155778894473,0.6733668341708543,200.0,227.0
772,A138910,A150460,"('KODEX 구리선물(H)', 'commodity')","('TIGER 중국소비테마', 'china,retail')",1.0,-0.346734,3.316156,0.6416306531864883,9.499532338506043,0.23605102548393264,0.6532663316582915,0.5641658298382165,0.4824120603015075,0.7839195979899498,312.0,inf
773,A138910,A228810,"('KODEX 구리선물(H)', 'commodity')","('TIGER 미디어컨텐츠', 'retail')",1.0,-0.125628,3.282077,0.8845345557606132,19.79866960670019,0.24658568683485996,0.8743718592964824,0.849141888875556,0.7638190954773869,0.9849246231155779,311.0,245.0
774,A138910,A139220,"('KODEX 구리선물(H)', 'commodity')","('TIGER 200 건설', 'utilities')",1.0,-0.236181,3.298874,0.7688009878488204,14.521947649149222,0.24274293620112303,0.7638190954773869,0.7035300202094065,0.6331658291457286,0.8844221105527639,312.0,inf
775,A138910,A117680,"('KODEX 구리선물(H)', 'commodity')","('KODEX 철강', 'commodity')",1.0,-0.326633,3.358771,0.693154619280819,11.97262354958759,0.23054941032945417,0.6733668341708543,0.6243917151760914,0.5527638190954774,0.8140703517587939,inf,inf
776,A138910,A174350,"('KODEX 구리선물(H)', 'commodity')","('TIGER 로우볼', 'volatility')",1.0,-0.407035,3.301046,0.6136308490875726,20.884888754372735,0.24366827748974385,0.5929648241206029,0.567802848149459,0.49246231155778897,0.7135678391959799,311.0,251.0
777,A138910,A244670,"('KODEX 구리선물(H)', 'commodity')","('KODEX 밸류Plus', 'value')",1.0,-0.427136,3.338015,0.5575012084507216,8.843168418855596,0.23470863423735605,0.5728643216080402,0.4694914002383491,0.3919597989949749,0.7035175879396985,inf,inf
778,A138910,A322150,"('KODEX 구리선물(H)', 'commodity')","('KINDEX 스마트하이베타', 'factor-model')",1.0,-0.326633,3.310408,0.6582268002757461,10.161853520884769,0.23861666426418163,0.6733668341708543,0.5864542231054197,0.5025125628140703,0.7939698492462312,308.0,inf
779,A138910,A337120,"('KODEX 구리선물(H)', 'commodity')","('KODEX Fn멀티팩터', 'factor-model')",1.0,-0.376884,3.312117,0.6125073931042715,10.437876721305408,0.2391043641650122,0.6231155778894473,0.541029022422894,0.45226130653266333,0.7537688442211056,308.0,inf
780,A138910,A147970,"('KODEX 구리선물(H)', 'commodity')","('TIGER 모멘텀', 'momentum')",1.0,-0.417085,3.324949,0.6012322448555966,16.362355629339408,0.2333604353321745,0.5829145728643216,0.5493604751448375,0.4723618090452261,0.7135678391959799,311.0,inf
781,A138910,A243880,"('KODEX 구리선물(H)', 'commodity')","('TIGER 200IT레버리지', 'leverage,technology')",1.0,-0.095477,3.298339,0.8964811702732134,12.821114373511374,0.24271419996786048,0.9045226130653267,0.8325477465409512,0.7537688442211056,1.015075376884422,306.0,inf
782,A138910,A153130,"('KODEX 구리선물(H)', 'commodity')","('KODEX 단기채권', 'bond')",1.0,-1.0,3.267686,0.02855499735134072,19.81262079037397,0.2499442255632981,0.0,-0.012374457977018971,0.0,0.16080402010050251,200.0,inf
783,A138910,A148070,"('KODEX 구리선물(H)', 'commodity')","('KOSEF 국고채10년', 'bond')",1.0,0.115578,3.268034,1.1466777494564315,20.480138688188816,0.2505854048467513,1.1155778894472361,1.1082501578428223,1.0251256281407035,1.2462311557788945,307.0,251.0
784,A138910,A332620,"('KODEX 구리선물(H)', 'commodity')","('ARIRANG 미국장기우량회사채', 'US,bond')",1.0,0.18593,3.271678,1.2330858348936453,21.338561706688047,0.25232229943313755,1.185929648241206,1.1952598038178455,1.105527638190955,1.3266331658291457,307.0,251.0
785,A138910,A182490,"('KODEX 구리선물(H)', 'commodity')","('TIGER 단기선진하이일드(합성 H)', 'global,high-yield')",1.0,-0.758794,3.279457,0.242113394827471,15.808244304797046,0.24436416687894894,0.2412060301507537,0.19454967964121062,0.18090452261306533,0.3316582914572864,222.0,249.0
786,A138910,A292770,"('KODEX 구리선물(H)', 'commodity')","('KODEX 국채선물3년인버스', 'inverse,bond')",1.0,0.286432,3.267974,1.3054131193799459,18.014153517715247,0.24932554888840516,1.2864321608040201,1.2588709715707784,1.1758793969849246,1.407035175879397,307.0,251.0
787,A138910,A123310,"('KODEX 구리선물(H)', 'commodity')","('TIGER 인버스', 'inverse')",1.0,0.407035,3.307151,1.3977343971998648,10.819832822337553,0.2409641279455663,1.407035175879397,1.3290888100789446,1.2462311557788945,1.5175879396984926,308.0,inf
788,A138910,A292340,"('KODEX 구리선물(H)', 'commodity')","('마이티 200커버드콜ATM레버리지', 'option,leverage')",1.0,-0.18593,3.288643,0.8188392038629713,13.187849585615892,0.24236635626879954,0.8140703517587939,0.7579535003133773,0.6733668341708543,0.9447236180904522,311.0,inf
789,A138910,A166400,"('KODEX 구리선물(H)', 'commodity')","('TIGER 200커버드콜5%OTM', 'option')",1.0,-0.376884,3.303878,0.6097025945231805,10.698919448659684,0.24457077394495635,0.6231155778894473,0.5379316062941926,0.45226130653266333,0.7437185929648241,311.0,inf
790,A138910,A271050,"('KODEX 구리선물(H)', 'commodity')","('KODEX WTI원유선물인버스(H)', 'commodity,inverse')",1.0,0.135678,3.351401,1.2694562957285613,12.523901103175685,0.22188465956727063,1.135678391959799,1.2890820237628422,1.135678391959799,1.3768844221105527,inf,235.0
791,A138910,A132030,"('KODEX 구리선물(H)', 'commodity')","('KODEX 골드선물(H)', 'commodity')",1.0,-0.477387,3.309103,0.5537131568012728,29.69297118972131,0.24621948606204633,0.5226130653266332,0.5128658101708345,0.45226130653266333,0.6432160804020101,306.0,249.0
792,A138910,A316300,"('KODEX 구리선물(H)', 'commodity')","('KINDEX 싱가포르리츠', 'singapore,real-estate')",1.0,-0.537688,3.288742,0.48333000355364963,18.74412556964433,0.24254828976786003,0.4623115577889447,0.45080922921983635,0.36180904522613067,0.592964824120603,311.0,249.0
793,A138910,A352560,"('KODEX 구리선물(H)', 'commodity')","('KODEX 다우존스미국리츠(H)', 'US,real-estate')",1.0,-0.326633,3.299078,0.6811988079826871,18.865863658097187,0.23886650394979314,0.6733668341708543,0.6448691487364402,0.5628140703517588,0.7839195979899498,313.0,245.0
794,A138910,A250780,"('KODEX 구리선물(H)', 'commodity')","('TIGER 코스닥150선물인버스', 'inverse')",1.0,0.21608,3.292212,1.2329578223707596,14.914710109053761,0.242834592146484,1.2160804020100502,1.1862056540569688,1.0954773869346734,1.3366834170854272,311.0,249.0
795,A138910,A295020,"('KODEX 구리선물(H)', 'commodity')","('KBSTAR 국채선물10년인버스', 'inverse,bond')",1.0,-0.055276,3.267714,0.9726259593225053,19.870377896222273,0.2502310303189443,0.9447236180904522,0.9317462546642545,0.8442211055276382,1.0753768844221105,308.0,251.0
796,A138910,A217780,"('KODEX 구리선물(H)', 'commodity')","('TIGER 차이나CSI300인버스(합성)', 'china,inverse')",1.0,0.165829,3.273726,1.1709236216619023,17.662424274162316,0.24806105686119923,1.1658291457286432,1.1239985688901246,1.035175879396985,1.2763819095477387,307.0,251.0
797,A138910,A225030,"('KODEX 구리선물(H)', 'commodity')","('TIGER 미국S&P500선물인버스(H)', 'US,inverse')",1.0,0.487437,3.331792,1.492520197170215,17.264981164398566,0.23537073781522608,1.4874371859296482,1.4697448719739579,1.3668341708542713,1.5879396984924623,inf,236.0
798,A138910,A373530,"('KODEX 구리선물(H)', 'commodity')","('ARIRANG 신흥국MSCI인버스(합성 H)', 'emerging-market,inverse')",1.0,0.386935,3.307622,1.3731087647742621,13.958451104664297,0.24319772400814188,1.3869346733668342,1.3179537511059536,1.2261306532663316,1.4874371859296482,307.0,inf
799,A138910,A280940,"('KODEX 구리선물(H)', 'commodity')","('KODEX 골드선물인버스(H)', 'commodity,inverse')",1.0,0.477387,3.308071,1.5186764153950487,28.34626790868461,0.244725090400844,1.4773869346733668,1.4834415301732167,1.407035175879397,1.5979899497487438,307.0,248.0
800,A316300,A305720,"('KINDEX 싱가포르리츠', 'singapore,real-estate')","('KODEX 2차전지산업', 'technology,manufacturing')",1.0,-0.075377,4.259997,0.9263136760541688,9.478492035397347,0.09167475180751362,0.9246231155778895,0.9099625633330327,0.864321608040201,0.964824120603015,290.0,inf
801,A316300,A091180,"('KINDEX 싱가포르리츠', 'singapore,real-estate')","('KODEX 자동차', 'technology,manufacturing')",1.0,-0.035176,4.238131,0.9666860929776578,9.808230985872143,0.09377122228661118,0.964824120603015,0.9426957922669261,0.9045226130653267,1.0050251256281406,236.0,inf
802,A316300,A228800,"('KINDEX 싱가포르리츠', 'singapore,real-estate')","('TIGER 여행레저', 'retail')",1.0,-0.045226,4.242569,0.9577975948502268,11.295451617208814,0.09377052606156455,0.9547738693467337,0.9380093789218988,0.8944723618090452,0.9949748743718593,247.0,inf
803,A316300,A161510,"('KINDEX 싱가포르리츠', 'singapore,real-estate')","('ARIRANG 고배당주', 'high-dividend')",1.0,-0.045226,4.235747,0.9614094766353972,11.282814266583808,0.09417298210985807,0.9547738693467337,0.9432945173628612,0.9045226130653267,1.0050251256281406,236.0,inf
804,A316300,A150460,"('KINDEX 싱가포르리츠', 'singapore,real-estate')","('TIGER 중국소비테마', 'china,retail')",1.0,-0.075377,4.249481,0.9234522273597521,9.891296473551002,0.09227682764107073,0.9246231155778895,0.8965570364554505,0.864321608040201,0.964824120603015,233.0,inf
805,A316300,A228810,"('KINDEX 싱가포르리츠', 'singapore,real-estate')","('TIGER 미디어컨텐츠', 'retail')",1.0,-0.055276,4.251208,0.9447902283755788,10.948450617618038,0.09302639546962879,0.9447236180904522,0.9290041388461057,0.8844221105527639,0.9849246231155779,291.0,inf
806,A316300,A139220,"('KINDEX 싱가포르리츠', 'singapore,real-estate')","('TIGER 200 건설', 'utilities')",1.0,-0.065327,4.249819,0.9355120328728359,10.626719509722085,0.0926768281652804,0.9346733668341709,0.9103858647533929,0.8743718592964824,0.9748743718592965,236.0,inf
807,A316300,A117680,"('KINDEX 싱가포르리츠', 'singapore,real-estate')","('KODEX 철강', 'commodity')",1.0,-0.035176,4.239604,0.9710167584917413,11.64775159214008,0.09395052851476726,0.964824120603015,0.9488438253934804,0.914572864321608,1.015075376884422,235.0,inf
808,A316300,A174350,"('KINDEX 싱가포르리츠', 'singapore,real-estate')","('TIGER 로우볼', 'volatility')",1.0,-0.055276,4.2368,0.9507971264023847,11.24750152133911,0.09398845876728049,0.9447236180904522,0.931115476213183,0.8944723618090452,0.9949748743718593,236.0,inf
809,A316300,A244670,"('KINDEX 싱가포르리츠', 'singapore,real-estate')","('KODEX 밸류Plus', 'value')",1.0,-0.075377,4.244862,0.9245338599190801,10.269435705050078,0.09285321642649062,0.9246231155778895,0.8969347774793294,0.864321608040201,0.964824120603015,235.0,inf
810,A316300,A322150,"('KINDEX 싱가포르리츠', 'singapore,real-estate')","('KINDEX 스마트하이베타', 'factor-model')",1.0,-0.075377,4.247899,0.9215840616037556,8.618230350957601,0.09274044489573653,0.9246231155778895,0.8961150332439292,0.8542713567839196,0.964824120603015,247.0,inf
811,A316300,A337120,"('KINDEX 싱가포르리츠', 'singapore,real-estate')","('KODEX Fn멀티팩터', 'factor-model')",1.0,-0.085427,4.247821,0.9128518829167419,9.058686036920834,0.09274678816740797,0.914572864321608,0.88744009495857,0.8442211055276382,0.9547738693467337,247.0,inf
812,A316300,A147970,"('KINDEX 싱가포르리츠', 'singapore,real-estate')","('TIGER 모멘텀', 'momentum')",1.0,-0.075377,4.243836,0.9300627521845541,11.641261085279233,0.09341417022570907,0.9246231155778895,0.9091909648500116,0.8743718592964824,0.9748743718592965,235.0,inf
813,A316300,A243880,"('KINDEX 싱가포르리츠', 'singapore,real-estate')","('TIGER 200IT레버리지', 'leverage,technology')",1.0,-0.025126,4.244744,0.9720682071716071,8.665304104437103,0.09293329751905825,0.9748743718592965,0.9480756404426475,0.9045226130653267,1.015075376884422,247.0,inf
814,A316300,A153130,"('KINDEX 싱가포르리츠', 'singapore,real-estate')","('KODEX 단기채권', 'bond')",1.0,-1.0,4.233216,0.010776634220145591,11.659201969863169,0.09470249417042008,0.0,-0.006733748341022028,0.0,0.07035175879396985,200.0,inf
815,A316300,A148070,"('KINDEX 싱가포르리츠', 'singapore,real-estate')","('KOSEF 국고채10년', 'bond')",1.0,0.045226,4.232769,1.0546269232576084,11.900153638221878,0.0946355934814316,1.0452261306532664,1.0368483780363016,0.9949748743718593,1.0954773869346734,246.0,inf
816,A316300,A332620,"('KINDEX 싱가포르리츠', 'singapore,real-estate')","('ARIRANG 미국장기우량회사채', 'US,bond')",1.0,0.025126,4.23267,1.0350541036234007,11.931098233853808,0.09479338711986127,1.0251256281407035,1.0161831512405153,0.9748743718592965,1.0753768844221105,236.0,inf
817,A316300,A182490,"('KINDEX 싱가포르리츠', 'singapore,real-estate')","('TIGER 단기선진하이일드(합성 H)', 'global,high-yield')",1.0,-0.035176,4.232402,0.970353274952492,10.809348470780916,0.09475978706540775,0.964824120603015,0.9508315619455284,0.9045226130653267,1.015075376884422,247.0,inf
818,A316300,A292770,"('KINDEX 싱가포르리츠', 'singapore,real-estate')","('KODEX 국채선물3년인버스', 'inverse,bond')",1.0,0.055276,4.232336,1.0607526856375777,10.709225099948705,0.09470119132061561,1.0552763819095476,1.0408139896391218,0.9949748743718593,1.105527638190955,247.0,inf
819,A316300,A123310,"('KINDEX 싱가포르리츠', 'singapore,real-estate')","('TIGER 인버스', 'inverse')",1.0,0.095477,4.246662,1.0936315755242614,8.76331897307165,0.0930771699540342,1.0954773869346734,1.0688119358648671,1.0251256281407035,1.135678391959799,247.0,inf
820,A316300,A292340,"('KINDEX 싱가포르리츠', 'singapore,real-estate')","('마이티 200커버드콜ATM레버리지', 'option,leverage')",1.0,-0.065327,4.247293,0.9337074717341438,9.463533694693176,0.09329639973110831,0.9346733668341709,0.9087143311030881,0.8743718592964824,0.9748743718592965,236.0,inf
821,A316300,A166400,"('KINDEX 싱가포르리츠', 'singapore,real-estate')","('TIGER 200커버드콜5%OTM', 'option')",1.0,-0.115578,4.256849,0.8782335115753387,7.831895969765261,0.09264591043614122,0.8844221105527639,0.8512381141722383,0.8140703517587939,0.9246231155778895,236.0,inf
822,A316300,A271050,"('KINDEX 싱가포르리츠', 'singapore,real-estate')","('KODEX WTI원유선물인버스(H)', 'commodity,inverse')",1.0,0.025126,4.256947,1.05204915293522,12.820570584474305,0.0929270603819524,1.0251256281407035,1.0442472985806377,0.9949748743718593,1.085427135678392,290.0,inf
823,A316300,A132030,"('KINDEX 싱가포르리츠', 'singapore,real-estate')","('KODEX 골드선물(H)', 'commodity')",1.0,-0.035176,4.234125,0.972072232212356,11.568472223169655,0.0944083170861598,0.964824120603015,0.9527768338671571,0.914572864321608,1.015075376884422,236.0,inf
824,A316300,A138910,"('KINDEX 싱가포르리츠', 'singapore,real-estate')","('KODEX 구리선물(H)', 'commodity')",1.0,-0.075377,4.253358,0.929453235450396,10.884975529244288,0.09199220545414466,0.9246231155778895,0.9133250568299579,0.8743718592964824,0.9748743718592965,235.0,inf
825,A316300,A352560,"('KINDEX 싱가포르리츠', 'singapore,real-estate')","('KODEX 다우존스미국리츠(H)', 'US,real-estate')",1.0,-0.095477,4.251621,0.9060812768929625,10.544738827229704,0.09129216132186198,0.9045226130653267,0.8888685573112572,0.8442211055276382,0.9447236180904522,293.0,inf
826,A316300,A250780,"('KINDEX 싱가포르리츠', 'singapore,real-estate')","('TIGER 코스닥150선물인버스', 'inverse')",1.0,0.075377,4.252003,1.0791086065398525,10.29146649165357,0.09210377760709583,1.0753768844221105,1.058667098382456,1.015075376884422,1.1155778894472361,247.0,inf
827,A316300,A295020,"('KINDEX 싱가포르리츠', 'singapore,real-estate')","('KBSTAR 국채선물10년인버스', 'inverse,bond')",1.0,-0.065327,4.232916,0.9453708442346639,12.271469597085723,0.09468283002451501,0.9346733668341709,0.928308037192173,0.8844221105527639,0.9849246231155779,247.0,inf
828,A316300,A217780,"('KINDEX 싱가포르리츠', 'singapore,real-estate')","('TIGER 차이나CSI300인버스(합성)', 'china,inverse')",1.0,0.055276,4.236341,1.0547603405952828,9.142833335766097,0.0937664169948691,1.0552763819095476,1.0347604684384957,0.9849246231155779,1.0954773869346734,247.0,inf
829,A316300,A225030,"('KINDEX 싱가포르리츠', 'singapore,real-estate')","('TIGER 미국S&P500선물인버스(H)', 'US,inverse')",1.0,0.115578,4.257936,1.1174572140980132,9.561529529100657,0.09140215534948232,1.1155778894472361,1.1030477017343865,1.0552763819095476,1.155778894472362,292.0,inf
830,A316300,A373530,"('KINDEX 싱가포르리츠', 'singapore,real-estate')","('ARIRANG 신흥국MSCI인버스(합성 H)', 'emerging-market,inverse')",1.0,0.075377,4.241869,1.0738693775115562,8.941872368747529,0.0944340545897271,1.0753768844221105,1.052828868072722,1.0050251256281406,1.1155778894472361,247.0,inf
831,A316300,A280940,"('KINDEX 싱가포르리츠', 'singapore,real-estate')","('KODEX 골드선물인버스(H)', 'commodity,inverse')",1.0,0.035176,4.233482,1.043251608666874,11.738288437346265,0.09454405890511294,1.035175879396985,1.0242929395515432,0.9849246231155779,1.085427135678392,236.0,inf
832,A352560,A305720,"('KODEX 다우존스미국리츠(H)', 'US,real-estate')","('KODEX 2차전지산업', 'technology,manufacturing')",1.0,-0.18593,3.578419,0.854890550013894,13.693759740996295,0.19572507497413727,0.8140703517587938,0.840342824967318,0.7437185929648241,0.9447236180904522,248.0,inf
833,A352560,A091180,"('KODEX 다우존스미국리츠(H)', 'US,real-estate')","('KODEX 자동차', 'technology,manufacturing')",1.0,-0.135678,3.569302,0.8999334200975382,12.414077056855787,0.19903315518385006,0.8643216080402009,0.8590344126742318,0.7738693467336684,0.9949748743718593,245.0,inf
834,A352560,A228800,"('KODEX 다우존스미국리츠(H)', 'US,real-estate')","('TIGER 여행레저', 'retail')",1.0,-0.175879,3.583626,0.8631436331153884,10.185093449667418,0.1952183926335225,0.8241206030150753,0.8393927966141173,0.7336683417085427,0.964824120603015,248.0,inf
835,A352560,A161510,"('KODEX 다우존스미국리츠(H)', 'US,real-estate')","('ARIRANG 고배당주', 'high-dividend')",1.0,-0.20603,3.55941,0.8463242783317731,13.22075682744259,0.20186431242482952,0.793969849246231,0.8305950820855338,0.7236180904522613,0.9447236180904522,247.0,inf
836,A352560,A150460,"('KODEX 다우존스미국리츠(H)', 'US,real-estate')","('TIGER 중국소비테마', 'china,retail')",1.0,-0.286432,3.598309,0.7368727658442795,8.15563378740527,0.1894530152208084,0.7135678391959798,0.6862571560836385,0.6030150753768845,0.8542713567839196,237.0,inf
837,A352560,A228810,"('KODEX 다우존스미국리츠(H)', 'US,real-estate')","('TIGER 미디어컨텐츠', 'retail')",1.0,-0.165829,3.582184,0.8668158481892894,17.246908430131672,0.19770592103646517,0.8341708542713567,0.8562096848069904,0.7638190954773869,0.9547738693467337,270.0,inf
838,A352560,A139220,"('KODEX 다우존스미국리츠(H)', 'US,real-estate')","('TIGER 200 건설', 'utilities')",1.0,-0.18593,3.573106,0.8509596748743629,11.801403540573316,0.19863081874388985,0.8140703517587938,0.8121910469352042,0.7236180904522613,0.9547738693467337,247.0,inf
839,A352560,A117680,"('KODEX 다우존스미국리츠(H)', 'US,real-estate')","('KODEX 철강', 'commodity')",1.0,-0.105528,3.556394,0.9459853027357176,11.7074490671985,0.20294207103301726,0.8944723618090451,0.9157287444491146,0.8140703517587939,1.0452261306532664,245.0,inf
840,A352560,A174350,"('KODEX 다우존스미국리츠(H)', 'US,real-estate')","('TIGER 로우볼', 'volatility')",1.0,-0.306533,3.572041,0.7429488144512195,12.468953217057676,0.1980602709824386,0.693467336683417,0.7194749295371314,0.6231155778894473,0.8442211055276382,245.0,inf
841,A352560,A244670,"('KODEX 다우존스미국리츠(H)', 'US,real-estate')","('KODEX 밸류Plus', 'value')",1.0,-0.276382,3.590427,0.7522146412549677,9.409123002580545,0.194355481631885,0.7236180904522612,0.6997440767630924,0.6231155778894473,0.864321608040201,244.0,inf
842,A352560,A322150,"('KODEX 다우존스미국리츠(H)', 'US,real-estate')","('KINDEX 스마트하이베타', 'factor-model')",1.0,-0.306533,3.607076,0.710031371174777,10.724050234088566,0.18979976318546668,0.693467336683417,0.6602559358396567,0.5829145728643216,0.8140703517587939,244.0,inf
843,A352560,A337120,"('KODEX 다우존스미국리츠(H)', 'US,real-estate')","('KODEX Fn멀티팩터', 'factor-model')",1.0,-0.306533,3.593426,0.7185033715387084,11.04507043804155,0.1922926177552649,0.693467336683417,0.6727640422996112,0.592964824120603,0.8241206030150754,244.0,inf
844,A352560,A147970,"('KODEX 다우존스미국리츠(H)', 'US,real-estate')","('TIGER 모멘텀', 'momentum')",1.0,-0.266332,3.579929,0.7821784149351194,12.10214797926296,0.19736632626365302,0.7336683417085426,0.7551007769282164,0.6633165829145728,0.8844221105527639,247.0,inf
845,A352560,A243880,"('KODEX 다우존스미국리츠(H)', 'US,real-estate')","('TIGER 200IT레버리지', 'leverage,technology')",1.0,-0.085427,3.588531,0.9381211005894936,12.833586531429868,0.19404247231806646,0.9145728643216079,0.8977260204158014,0.8241206030150754,1.035175879396985,243.0,inf
846,A352560,A153130,"('KODEX 다우존스미국리츠(H)', 'US,real-estate')","('KODEX 단기채권', 'bond')",1.0,-1.0,3.541008,0.05674487335170948,13.072506948648694,0.20787048020812007,-1.1102230246251565e-16,0.037105646717017104,0.0,0.18090452261306533,214.0,inf
847,A352560,A148070,"('KODEX 다우존스미국리츠(H)', 'US,real-estate')","('KOSEF 국고채10년', 'bond')",1.0,0.145729,3.541526,1.2071026332610928,12.571651997753651,0.2076877801444319,1.1457286432160805,1.1907484722979376,1.0753768844221105,1.306532663316583,248.0,inf
848,A352560,A332620,"('KODEX 다우존스미국리츠(H)', 'US,real-estate')","('ARIRANG 미국장기우량회사채', 'US,bond')",1.0,0.20603,3.549411,1.2863000930817394,10.13073901765065,0.20471307458548307,1.206030150753769,1.2678295787885476,1.1457286432160805,1.3869346733668342,247.0,inf
849,A352560,A182490,"('KODEX 다우존스미국리츠(H)', 'US,real-estate')","('TIGER 단기선진하이일드(합성 H)', 'global,high-yield')",1.0,-0.939698,3.571869,0.08306252842518404,16.75673466650922,0.2016476385334899,0.06030150753768837,0.056369491168166586,0.0,0.19095477386934673,236.0,inf
850,A352560,A292770,"('KODEX 다우존스미국리츠(H)', 'US,real-estate')","('KODEX 국채선물3년인버스', 'inverse,bond')",1.0,0.356784,3.541255,1.401984181898896,13.555737273798762,0.2079795901054573,1.3567839195979898,1.3764329823941006,1.2763819095477387,1.4974874371859297,246.0,inf
851,A352560,A123310,"('KODEX 다우존스미국리츠(H)', 'US,real-estate')","('TIGER 인버스', 'inverse')",1.0,0.396985,3.60885,1.4172344733756066,10.684945563499152,0.1883123355178151,1.3969849246231154,1.3699909281971716,1.2964824120603016,1.5075376884422111,242.0,inf
852,A352560,A292340,"('KODEX 다우존스미국리츠(H)', 'US,real-estate')","('마이티 200커버드콜ATM레버리지', 'option,leverage')",1.0,-0.266332,3.61885,0.7571946441311105,10.57323285502976,0.186697509186553,0.7336683417085426,0.7106868575716041,0.6331658291457286,0.8542713567839196,244.0,inf
853,A352560,A166400,"('KODEX 다우존스미국리츠(H)', 'US,real-estate')","('TIGER 200커버드콜5%OTM', 'option')",1.0,-0.386935,3.606655,0.6272651425195004,10.335382840580891,0.19125116482254031,0.6130653266331657,0.5755784110558421,0.5025125628140703,0.7336683417085427,243.0,inf
854,A352560,A271050,"('KODEX 다우존스미국리츠(H)', 'US,real-estate')","('KODEX WTI원유선물인버스(H)', 'commodity,inverse')",1.0,0.025126,3.546013,1.098657890487201,11.701796793324931,0.20677964353672604,1.0251256281407035,1.0880866936386768,0.964824120603015,1.1959798994974875,277.0,inf
855,A352560,A132030,"('KODEX 다우존스미국리츠(H)', 'US,real-estate')","('KODEX 골드선물(H)', 'commodity')",1.0,-0.035176,3.540752,1.0180531301078135,13.287925538134791,0.20826723678288864,0.9648241206030149,0.9966162289251962,0.8944723618090452,1.1155778894472361,247.0,inf
856,A352560,A138910,"('KODEX 다우존스미국리츠(H)', 'US,real-estate')","('KODEX 구리선물(H)', 'commodity')",1.0,-0.18593,3.571798,0.8622559896453118,13.04222093041181,0.1994865878844359,0.8140703517587938,0.8486369755930668,0.7437185929648241,0.9547738693467337,244.0,inf
857,A352560,A316300,"('KODEX 다우존스미국리츠(H)', 'US,real-estate')","('KINDEX 싱가포르리츠', 'singapore,real-estate')",1.0,-0.386935,3.559693,0.6632925653345795,12.722998430909373,0.20117769670319044,0.6130653266331657,0.649131705279905,0.542713567839196,0.7638190954773869,267.0,inf
858,A352560,A250780,"('KODEX 다우존스미국리츠(H)', 'US,real-estate')","('TIGER 코스닥150선물인버스', 'inverse')",1.0,0.266332,3.607041,1.3090425309378777,15.144096992132187,0.18744485142247239,1.266331658291457,1.283249782076187,1.206030150753769,1.3869346733668342,246.0,inf
859,A352560,A295020,"('KODEX 다우존스미국리츠(H)', 'US,real-estate')","('KBSTAR 국채선물10년인버스', 'inverse,bond')",1.0,-0.165829,3.541567,0.8970567024623337,12.449421685208142,0.2075483880907257,0.8341708542713567,0.8813581611694277,0.7738693467336684,0.9949748743718593,247.0,inf
860,A352560,A217780,"('KODEX 다우존스미국리츠(H)', 'US,real-estate')","('TIGER 차이나CSI300인버스(합성)', 'china,inverse')",1.0,0.065327,3.541951,1.1099743042203882,14.023386756258612,0.2081387186440094,1.0653266331658289,1.0872252098681372,0.9849246231155779,1.206030150753769,247.0,inf
861,A352560,A225030,"('KODEX 다우존스미국리츠(H)', 'US,real-estate')","('TIGER 미국S&P500선물인버스(H)', 'US,inverse')",1.0,0.708543,3.825844,1.7313367309857988,26.466002986890604,0.15113412053439199,1.708542713567839,1.7406150674048186,1.7085427135678393,1.7487437185929648,210.0,inf
862,A352560,A373530,"('KODEX 다우존스미국리츠(H)', 'US,real-estate')","('ARIRANG 신흥국MSCI인버스(합성 H)', 'emerging-market,inverse')",1.0,0.346734,3.594599,1.3647705949334814,13.854597278200925,0.19812023997923744,1.3467336683417086,1.3324963599717021,1.2462311557788945,1.4472361809045227,244.0,inf
863,A352560,A280940,"('KODEX 다우존스미국리츠(H)', 'US,real-estate')","('KODEX 골드선물인버스(H)', 'commodity,inverse')",1.0,0.075377,3.542066,1.1309397476425267,13.188360141802926,0.20832552209089253,1.0753768844221105,1.1103859073602795,1.0050251256281406,1.2261306532663316,247.0,inf
864,A250780,A305720,"('TIGER 코스닥150선물인버스', 'inverse')","('KODEX 2차전지산업', 'technology,manufacturing')",1.0,0.577889,3.489333,1.5787889737035268,18.101327754115733,0.20966231282378317,1.5778894472361809,1.5396058979771081,1.4673366834170853,1.6582914572864322,336.0,inf
865,A250780,A091180,"('TIGER 코스닥150선물인버스', 'inverse')","('KODEX 자동차', 'technology,manufacturing')",1.0,0.356784,3.361428,1.363787137082886,18.32613653860118,0.23601855135389854,1.35678391959799,1.3991518141812271,1.236180904522613,1.4572864321608041,inf,218.0
866,A250780,A228800,"('TIGER 코스닥150선물인버스', 'inverse')","('TIGER 여행레저', 'retail')",1.0,0.376884,3.352043,1.3691966821924997,9.360528010593116,0.22760372656348465,1.3768844221105527,1.3574547681109903,1.2160804020100502,1.4874371859296482,inf,230.0
867,A250780,A161510,"('TIGER 코스닥150선물인버스', 'inverse')","('ARIRANG 고배당주', 'high-dividend')",1.0,0.497487,3.300571,1.4586696065722111,9.31628702822046,0.2492532252539932,1.4974874371859297,1.4308160705211628,1.2864321608040201,1.5879396984924623,inf,inf
868,A250780,A150460,"('TIGER 코스닥150선물인버스', 'inverse')","('TIGER 중국소비테마', 'china,retail')",1.0,0.718593,3.4752,1.7597207453728496,6.584578597272969,0.20393830915589248,1.7185929648241207,1.811807787658473,1.5979899497487438,1.879396984924623,inf,223.0
869,A250780,A228810,"('TIGER 코스닥150선물인버스', 'inverse')","('TIGER 미디어컨텐츠', 'retail')",1.0,0.497487,3.490007,1.5176082340515271,7.949364630851277,0.20244206868250636,1.4974874371859297,1.4713763851083181,1.3668341708542713,1.6281407035175879,329.0,inf
870,A250780,A139220,"('TIGER 코스닥150선물인버스', 'inverse')","('TIGER 200 건설', 'utilities')",1.0,0.517588,3.395251,1.5242696567587102,15.228745538308887,0.22763938051440172,1.5175879396984926,1.5560875610982676,1.3969849246231156,1.6180904522613067,inf,230.0
871,A250780,A117680,"('TIGER 코스닥150선물인버스', 'inverse')","('KODEX 철강', 'commodity')",1.0,0.236181,3.281351,1.2017410423900725,10.887433709866512,0.25396188498296085,1.236180904522613,1.2048712336077683,1.035175879396985,1.3366834170854272,inf,248.0
872,A250780,A174350,"('TIGER 코스닥150선물인버스', 'inverse')","('TIGER 로우볼', 'volatility')",1.0,0.748744,3.354036,1.7182819465270593,9.28679125288015,0.23654897416398069,1.7487437185929648,1.7078542905387133,1.5577889447236182,1.8391959798994975,inf,inf
873,A250780,A244670,"('TIGER 코스닥150선물인버스', 'inverse')","('KODEX 밸류Plus', 'value')",1.0,0.708543,3.445957,1.7362852956563009,7.8778801756719306,0.21260835058472435,1.7085427135678393,1.7961551517754466,1.5778894472361809,1.849246231155779,inf,216.0
874,A250780,A322150,"('TIGER 코스닥150선물인버스', 'inverse')","('KINDEX 스마트하이베타', 'factor-model')",1.0,0.849246,3.596736,1.9150141781272096,9.447232114258192,0.18283869931990468,1.849246231155779,1.9741120038696156,1.7889447236180904,2.0,inf,209.0
875,A250780,A337120,"('TIGER 코스닥150선물인버스', 'inverse')","('KODEX Fn멀티팩터', 'factor-model')",1.0,0.929648,3.582508,1.979153579141167,9.559550734447992,0.18491817899980575,1.92964824120603,2.03346401479941,1.849246231155779,2.0,inf,200.0
876,A250780,A147970,"('TIGER 코스닥150선물인버스', 'inverse')","('TIGER 모멘텀', 'momentum')",1.0,0.688442,3.400599,1.6620777548963028,10.30767362069915,0.22824979768222842,1.6884422110552764,1.6601122975457883,1.5075376884422111,1.778894472361809,inf,inf
877,A250780,A243880,"('TIGER 코스닥150선물인버스', 'inverse')","('TIGER 200IT레버리지', 'leverage,technology')",1.0,0.266332,3.533524,1.3205477894026154,12.691131238365749,0.20008744939908318,1.2663316582914572,1.362525547462699,1.1959798994974875,1.4170854271356783,inf,232.0
878,A250780,A153130,"('TIGER 코스닥150선물인버스', 'inverse')","('KODEX 단기채권', 'bond')",1.0,1.0,3.238884,1.9580942895649478,11.554559847907097,0.2696526121517286,2.0,1.9405788759068279,0.0,0.0,inf,200.0
879,A250780,A148070,"('TIGER 코스닥150선물인버스', 'inverse')","('KOSEF 국고채10년', 'bond')",1.0,0.407035,3.243729,1.3940565542002334,16.43469876205923,0.26865693896181614,1.407035175879397,1.39226989594569,1.2462311557788945,1.5075376884422111,inf,302.0
880,A250780,A332620,"('TIGER 코스닥150선물인버스', 'inverse')","('ARIRANG 미국장기우량회사채', 'US,bond')",1.0,-0.376884,3.254811,0.5282911488229866,6.705216519833958,0.26232382786068165,0.6231155778894473,0.5135927464836376,0.32160804020100503,0.7135678391959799,inf,inf
881,A250780,A182490,"('TIGER 코스닥150선물인버스', 'inverse')","('TIGER 단기선진하이일드(합성 H)', 'global,high-yield')",1.0,0.748744,3.249688,1.7363443081620111,16.30765300466184,0.26894257798766924,1.7487437185929648,1.7232291664459827,1.5879396984924623,1.849246231155779,inf,inf
882,A250780,A292770,"('TIGER 코스닥150선물인버스', 'inverse')","('KODEX 국채선물3년인버스', 'inverse,bond')",1.0,-1.0,3.249204,-0.015561885363342623,15.489840742076527,0.2674394768730055,0.0,-0.021211601523726475,0.0,0.1407035175879397,200.0,inf
883,A250780,A123310,"('TIGER 코스닥150선물인버스', 'inverse')","('TIGER 인버스', 'inverse')",1.0,-1.0,3.64347,0.04570550482413645,10.216833942978125,0.17495058823965415,0.0,0.0930143998781422,0.0,0.16080402010050251,inf,225.0
884,A250780,A292340,"('TIGER 코스닥150선물인버스', 'inverse')","('마이티 200커버드콜ATM레버리지', 'option,leverage')",1.0,0.58794,3.475984,1.6127618551908063,16.066299369301866,0.20299703406050695,1.5879396984924623,1.6539846547954775,1.4974874371859297,1.6984924623115578,inf,224.0
885,A250780,A166400,"('TIGER 코스닥150선물인버스', 'inverse')","('TIGER 200커버드콜5%OTM', 'option')",1.0,0.979899,3.527674,2.041133698597655,10.195965945410013,0.1945942411166665,1.9798994974874373,2.100270807578806,1.899497487437186,2.0,inf,200.0
886,A250780,A271050,"('TIGER 코스닥150선물인버스', 'inverse')","('KODEX WTI원유선물인버스(H)', 'commodity,inverse')",1.0,-0.005025,3.239088,0.9529987677599279,11.507025871753623,0.26965624605400984,0.9949748743718593,0.9351388171339319,0.7839195979899498,1.0954773869346734,inf,inf
887,A250780,A132030,"('TIGER 코스닥150선물인버스', 'inverse')","('KODEX 골드선물(H)', 'commodity')",1.0,-0.055276,3.239264,0.9081534870284236,12.408870394591338,0.2695716748008972,0.9447236180904522,0.8922402749135822,0.7437185929648241,1.0452261306532664,inf,inf
888,A250780,A138910,"('TIGER 코스닥150선물인버스', 'inverse')","('KODEX 구리선물(H)', 'commodity')",1.0,0.226131,3.263447,1.1930537263809562,10.368802295753852,0.26289295634831683,1.2261306532663316,1.168512083865298,1.015075376884422,1.3366834170854272,inf,inf
889,A250780,A316300,"('TIGER 코스닥150선물인버스', 'inverse')","('KINDEX 싱가포르리츠', 'singapore,real-estate')",1.0,0.527638,3.258583,1.4931599268812108,11.28631317495354,0.2626884162278766,1.5276381909547738,1.4674723639522371,1.3266331658291457,1.6180904522613067,inf,inf
890,A250780,A352560,"('TIGER 코스닥150선물인버스', 'inverse')","('KODEX 다우존스미국리츠(H)', 'US,real-estate')",1.0,0.477387,3.305646,1.4657404254491366,13.701146828732057,0.24239354310033323,1.4773869346733668,1.4387865945882514,1.3266331658291457,1.5778894472361809,inf,inf
891,A250780,A295020,"('TIGER 코스닥150선물인버스', 'inverse')","('KBSTAR 국채선물10년인버스', 'inverse,bond')",1.0,-0.386935,3.242462,0.599625297741163,16.34714283362733,0.26913644320066815,0.6130653266331658,0.5969853705101025,0.45226130653266333,0.7236180904522613,inf,302.0
892,A250780,A217780,"('TIGER 코스닥150선물인버스', 'inverse')","('TIGER 차이나CSI300인버스(합성)', 'china,inverse')",1.0,-0.537688,3.307181,0.49067411624881213,16.240205474287027,0.2542368490673596,0.4623115577889447,0.4850680332903974,0.35175879396984927,0.6130653266331658,inf,302.0
893,A250780,A225030,"('TIGER 코스닥150선물인버스', 'inverse')","('TIGER 미국S&P500선물인버스(H)', 'US,inverse')",1.0,-0.879397,3.472249,0.11688376697308799,9.185375037938636,0.19623299369082958,0.12060301507537685,0.06599529419511663,0.0,0.25125628140703515,312.0,inf
894,A250780,A373530,"('TIGER 코스닥150선물인버스', 'inverse')","('ARIRANG 신흥국MSCI인버스(합성 H)', 'emerging-market,inverse')",1.0,-0.778894,3.406569,0.26285513935469174,11.653605105240537,0.21912424790141227,0.22110552763819102,0.26961008249805174,0.1306532663316583,0.3919597989949749,inf,302.0
895,A250780,A280940,"('TIGER 코스닥150선물인버스', 'inverse')","('KODEX 골드선물인버스(H)', 'commodity,inverse')",1.0,0.065327,3.239558,1.0305272171813176,12.644644541857023,0.2697161781974114,1.065326633165829,1.015186119891006,0.864321608040201,1.1658291457286432,inf,inf
896,A295020,A305720,"('KBSTAR 국채선물10년인버스', 'inverse,bond')","('KODEX 2차전지산업', 'technology,manufacturing')",1.0,-0.005025,4.748914,0.891536575841873,2.23189345766687,0.06414559214905355,0.9949748743718593,0.8981960139163628,0.0,0.0,inf,200.0
897,A295020,A091180,"('KBSTAR 국채선물10년인버스', 'inverse,bond')","('KODEX 자동차', 'technology,manufacturing')",1.0,-0.005025,4.749353,0.8893563724814993,2.178651020967382,0.06412130699142161,0.9949748743718593,0.8969782085212694,0.0,0.0,inf,200.0
898,A295020,A228800,"('KBSTAR 국채선물10년인버스', 'inverse,bond')","('TIGER 여행레저', 'retail')",1.0,-0.015075,4.753438,0.8790506267092048,2.199701587702707,0.06419448664501948,0.9849246231155779,0.8869160190962115,0.0,0.0,inf,200.0
899,A295020,A161510,"('KBSTAR 국채선물10년인버스', 'inverse,bond')","('ARIRANG 고배당주', 'high-dividend')",1.0,-0.065327,4.76682,0.8337948832868664,2.3183408863596076,0.06341455464465436,0.9346733668341709,0.8397593474300635,0.0,0.0,inf,200.0
900,A295020,A150460,"('KBSTAR 국채선물10년인버스', 'inverse,bond')","('TIGER 중국소비테마', 'china,retail')",1.0,-0.015075,4.750038,0.8760284515142013,2.1191861374908187,0.06426589102442114,0.9849246231155779,0.8852004418659597,0.0,0.0,inf,200.0
901,A295020,A228810,"('KBSTAR 국채선물10년인버스', 'inverse,bond')","('TIGER 미디어컨텐츠', 'retail')",1.0,0.005025,4.749073,0.9022191929969803,2.2094661236948068,0.06407336531483253,1.0050251256281406,0.9086547858491313,0.0,0.0,inf,200.0
902,A295020,A139220,"('KBSTAR 국채선물10년인버스', 'inverse,bond')","('TIGER 200 건설', 'utilities')",1.0,0.005025,4.748724,0.9037726635209578,2.2726687457237422,0.06409780353002993,1.0050251256281406,0.9092713394569822,0.0,0.0,inf,200.0
903,A295020,A117680,"('KBSTAR 국채선물10년인버스', 'inverse,bond')","('KODEX 철강', 'commodity')",1.0,-0.015075,4.751381,0.8780218283627977,2.1215825797616983,0.06399038680010007,0.9849246231155779,0.886863002396148,0.0,0.0,inf,200.0
904,A295020,A174350,"('KBSTAR 국채선물10년인버스', 'inverse,bond')","('TIGER 로우볼', 'volatility')",1.0,-0.055276,4.760342,0.8393743117613984,2.1903131096865596,0.06376319515399395,0.9447236180904522,0.8471476600723062,0.0,0.0,inf,200.0
905,A295020,A244670,"('KBSTAR 국채선물10년인버스', 'inverse,bond')","('KODEX 밸류Plus', 'value')",1.0,-0.015075,4.751236,0.8762535592262571,2.118292671609625,0.06413534327477716,0.9849246231155779,0.8852759900707355,0.0,0.0,inf,200.0
906,A295020,A322150,"('KBSTAR 국채선물10년인버스', 'inverse,bond')","('KINDEX 스마트하이베타', 'factor-model')",1.0,0.005025,4.748988,0.904304696792556,2.285195644402619,0.06408674282772227,1.0050251256281406,0.9094336492638563,0.0,0.0,inf,200.0
907,A295020,A337120,"('KBSTAR 국채선물10년인버스', 'inverse,bond')","('KODEX Fn멀티팩터', 'factor-model')",1.0,-0.005025,4.748964,0.8904731784145514,2.2072864355220823,0.06418270813872093,0.9949748743718593,0.8974778961693289,0.0,0.0,inf,200.0
908,A295020,A147970,"('KBSTAR 국채선물10년인버스', 'inverse,bond')","('TIGER 모멘텀', 'momentum')",1.0,-0.025126,4.754134,0.8694906466033645,2.1792626288270602,0.06397579906422166,0.9748743718592965,0.877309881072249,0.0,0.0,inf,200.0
909,A295020,A243880,"('KBSTAR 국채선물10년인버스', 'inverse,bond')","('TIGER 200IT레버리지', 'leverage,technology')",1.0,0.005025,4.747863,0.9072422291907669,2.329609732711754,0.0640093690699482,1.0050251256281406,0.9112023318442132,0.0,0.0,inf,200.0
910,A295020,A153130,"('KBSTAR 국채선물10년인버스', 'inverse,bond')","('KODEX 단기채권', 'bond')",1.0,1.0,4.751569,1.8866745613324296,2.0984271344788583,0.06387608685524566,2.0,1.897408058989511,0.0,0.0,inf,200.0
911,A295020,A148070,"('KBSTAR 국채선물10년인버스', 'inverse,bond')","('KOSEF 국고채10년', 'bond')",1.0,0.869347,5.973797,1.8588691365176013,6.929777979090692,0.017072039532722887,1.8693467336683418,1.8553782953649185,0.0,0.0,inf,200.0
912,A295020,A332620,"('KBSTAR 국채선물10년인버스', 'inverse,bond')","('ARIRANG 미국장기우량회사채', 'US,bond')",1.0,0.115578,4.783253,1.0387639340672308,2.4802478574867357,0.06229723916643939,1.1155778894472361,1.0361188513446349,0.0,0.0,inf,200.0
913,A295020,A182490,"('KBSTAR 국채선물10년인버스', 'inverse,bond')","('TIGER 단기선진하이일드(합성 H)', 'global,high-yield')",1.0,0.055276,4.750086,0.9562539190995727,2.2882648477287817,0.06405566113781133,1.0552763819095476,0.9606938923881917,0.0,0.0,inf,200.0
914,A295020,A292770,"('KBSTAR 국채선물10년인버스', 'inverse,bond')","('KODEX 국채선물3년인버스', 'inverse,bond')",1.0,-1.0,4.992964,-0.058458405008094176,2.960605507889764,0.04905996056257819,0.0,-0.0643824184410432,0.0,0.010050251256281407,200.0,inf
915,A295020,A123310,"('KBSTAR 국채선물10년인버스', 'inverse,bond')","('TIGER 인버스', 'inverse')",1.0,-0.005025,4.749141,0.893681936418806,2.274349190199412,0.06408731474427727,0.9949748743718593,0.8990642539659017,0.0,0.0,inf,200.0
916,A295020,A292340,"('KBSTAR 국채선물10년인버스', 'inverse,bond')","('마이티 200커버드콜ATM레버리지', 'option,leverage')",1.0,0.015075,4.750653,0.9182776750807398,2.3746075185267324,0.0638386860192885,1.015075376884422,0.9214932623980203,0.0,0.0,inf,200.0
917,A295020,A166400,"('KBSTAR 국채선물10년인버스', 'inverse,bond')","('TIGER 200커버드콜5%OTM', 'option')",1.0,0.005025,4.748886,0.9040205412336422,2.280142166058351,0.06410025500511272,1.0050251256281406,0.9092698972199993,0.0,0.0,inf,200.0
918,A295020,A271050,"('KBSTAR 국채선물10년인버스', 'inverse,bond')","('KODEX WTI원유선물인버스(H)', 'commodity,inverse')",1.0,0.005025,4.754503,0.9125228839990364,2.418612726039477,0.06417708016851127,1.0050251256281406,0.914738494290997,0.0,0.0,inf,200.0
919,A295020,A132030,"('KBSTAR 국채선물10년인버스', 'inverse,bond')","('KODEX 골드선물(H)', 'commodity')",1.0,0.045226,4.755162,0.9376851623189169,2.1004186668952505,0.06363084404193635,1.0452261306532664,0.9477672566463395,0.0,0.0,inf,200.0
920,A295020,A138910,"('KBSTAR 국채선물10년인버스', 'inverse,bond')","('KODEX 구리선물(H)', 'commodity')",1.0,-0.005025,4.748977,0.8926764036802869,2.268952542087272,0.0642308215868307,0.9949748743718593,0.8984201801494911,0.0,0.0,inf,200.0
921,A295020,A316300,"('KBSTAR 국채선물10년인버스', 'inverse,bond')","('KINDEX 싱가포르리츠', 'singapore,real-estate')",1.0,-0.025126,4.749586,0.8731022238681975,2.291813844670001,0.06407177685719244,0.9748743718592965,0.8785461853594674,0.0,0.0,inf,200.0
922,A295020,A352560,"('KBSTAR 국채선물10년인버스', 'inverse,bond')","('KODEX 다우존스미국리츠(H)', 'US,real-estate')",1.0,-0.015075,4.750191,0.8817189860322773,2.2683735457815875,0.06404315502818281,0.9849246231155779,0.887808114714318,0.0,0.0,inf,200.0
923,A295020,A250780,"('KBSTAR 국채선물10년인버스', 'inverse,bond')","('TIGER 코스닥150선물인버스', 'inverse')",1.0,-0.015075,4.752484,0.8842885982038882,2.293579379373835,0.06378928207686457,0.9849246231155779,0.8890840402562515,0.0,0.0,inf,200.0
924,A295020,A217780,"('KBSTAR 국채선물10년인버스', 'inverse,bond')","('TIGER 차이나CSI300인버스(합성)', 'china,inverse')",1.0,-0.005025,4.748917,0.893228871277042,2.2466035729004914,0.06417019792386056,0.9949748743718593,0.899040574068005,0.0,0.0,inf,200.0
925,A295020,A225030,"('KBSTAR 국채선물10년인버스', 'inverse,bond')","('TIGER 미국S&P500선물인버스(H)', 'US,inverse')",1.0,-0.005025,4.749187,0.8921942982955342,2.233273266782448,0.0641113993494563,0.9949748743718593,0.8983216542825146,0.0,0.0,inf,200.0
926,A295020,A373530,"('KBSTAR 국채선물10년인버스', 'inverse,bond')","('ARIRANG 신흥국MSCI인버스(합성 H)', 'emerging-market,inverse')",1.0,-0.005025,4.74904,0.8934020097383352,2.258948989996108,0.0641103157941564,0.9949748743718593,0.8989860602752702,0.0,0.0,inf,200.0
927,A295020,A280940,"('KBSTAR 국채선물10년인버스', 'inverse,bond')","('KODEX 골드선물인버스(H)', 'commodity,inverse')",1.0,-0.035176,4.753485,0.8564902793509583,2.1118088647738396,0.06369049546375516,0.964824120603015,0.8663813710969459,0.0,0.0,inf,200.0
928,A217780,A305720,"('TIGER 차이나CSI300인버스(합성)', 'china,inverse')","('KODEX 2차전지산업', 'technology,manufacturing')",1.0,0.18593,3.70518,1.0699904118355819,9.127751542616545,0.15368016405791265,1.185929648241206,1.0490395974598374,0.0,0.0,inf,200.0
929,A217780,A091180,"('TIGER 차이나CSI300인버스(합성)', 'china,inverse')","('KODEX 자동차', 'technology,manufacturing')",1.0,0.135678,3.690396,1.0257825078479474,8.804550464783471,0.15483239132334864,1.135678391959799,1.0303480097529238,0.0,0.0,inf,200.0
930,A217780,A228800,"('TIGER 차이나CSI300인버스(합성)', 'china,inverse')","('TIGER 여행레저', 'retail')",1.0,0.085427,3.667288,0.9605707977119202,7.471570050388049,0.1581265936153198,1.085427135678392,0.9513662568674701,0.0,0.0,inf,200.0
931,A217780,A161510,"('TIGER 차이나CSI300인버스(합성)', 'china,inverse')","('ARIRANG 고배당주', 'high-dividend')",1.0,0.18593,3.672644,1.0527966246665705,7.202589297169664,0.1560597041192009,1.185929648241206,1.039219986549701,0.0,0.0,inf,200.0
932,A217780,A150460,"('TIGER 차이나CSI300인버스(합성)', 'china,inverse')","('TIGER 중국소비테마', 'china,retail')",1.0,0.21608,3.696304,1.107196629068105,7.149052219016717,0.15303211353776203,1.2160804020100502,1.1184121745335667,0.0,0.0,inf,200.0
933,A217780,A228810,"('TIGER 차이나CSI300인버스(합성)', 'china,inverse')","('TIGER 미디어컨텐츠', 'retail')",1.0,0.135678,3.688957,1.0214099326288217,7.962589864277985,0.15486770778414732,1.135678391959799,1.001363506048214,0.0,0.0,inf,200.0
934,A217780,A139220,"('TIGER 차이나CSI300인버스(합성)', 'china,inverse')","('TIGER 200 건설', 'utilities')",1.0,0.125628,3.67232,1.0062749380311244,7.743821915947339,0.1581749184500213,1.1256281407035176,1.0061742690538376,0.0,0.0,inf,200.0
935,A217780,A117680,"('TIGER 차이나CSI300인버스(합성)', 'china,inverse')","('KODEX 철강', 'commodity')",1.0,0.065327,3.662241,0.9336834734715652,7.240383252469799,0.15855941709875607,1.065326633165829,0.9296796916909524,0.0,0.0,inf,200.0
936,A217780,A174350,"('TIGER 차이나CSI300인버스(합성)', 'china,inverse')","('TIGER 로우볼', 'volatility')",1.0,0.226131,3.67561,1.0962663810445186,7.346343033385985,0.15724862740352535,1.2261306532663316,1.088153911535115,0.0,0.0,inf,200.0
937,A217780,A244670,"('TIGER 차이나CSI300인버스(합성)', 'china,inverse')","('KODEX 밸류Plus', 'value')",1.0,0.21608,3.693902,1.1040086415217212,7.02774954462267,0.15418498052489246,1.2160804020100502,1.1173293169317804,0.0,0.0,inf,200.0
938,A217780,A322150,"('TIGER 차이나CSI300인버스(합성)', 'china,inverse')","('KINDEX 스마트하이베타', 'factor-model')",1.0,0.256281,3.709671,1.1602117004485972,9.112403166187708,0.15261919650039932,1.256281407035176,1.1683224664869964,0.0,0.0,inf,200.0
939,A217780,A337120,"('TIGER 차이나CSI300인버스(합성)', 'china,inverse')","('KODEX Fn멀티팩터', 'factor-model')",1.0,0.276382,3.706861,1.174109592097201,8.502143186978437,0.1534435502118345,1.2763819095477387,1.1813662736206811,0.0,0.0,inf,200.0
940,A217780,A147970,"('TIGER 차이나CSI300인버스(합성)', 'china,inverse')","('TIGER 모멘텀', 'momentum')",1.0,0.226131,3.690938,1.0972462542144539,7.114165618865014,0.15616214189084715,1.2261306532663316,1.0926122596084478,0.0,0.0,inf,200.0
941,A217780,A243880,"('TIGER 차이나CSI300인버스(합성)', 'china,inverse')","('TIGER 200IT레버리지', 'leverage,technology')",1.0,0.085427,3.707592,0.9888775971705736,9.26366620464633,0.15535409403176206,1.085427135678392,0.9916564020113542,0.0,0.0,inf,200.0
942,A217780,A153130,"('TIGER 차이나CSI300인버스(합성)', 'china,inverse')","('KODEX 단기채권', 'bond')",1.0,-0.638191,3.654246,0.23317838718891204,7.7960072975971135,0.16013530542008853,0.36180904522613067,0.22382517457526496,0.0,0.0,inf,200.0
943,A217780,A148070,"('TIGER 차이나CSI300인버스(합성)', 'china,inverse')","('KOSEF 국고채10년', 'bond')",1.0,-0.085427,3.65467,0.7756727472691527,7.193802769270298,0.15981561019814292,0.914572864321608,0.7646703696513762,0.0,0.0,inf,200.0
944,A217780,A332620,"('TIGER 차이나CSI300인버스(합성)', 'china,inverse')","('ARIRANG 미국장기우량회사채', 'US,bond')",1.0,-0.055276,3.655055,0.8033874346050762,7.067902761981508,0.15989468578988983,0.9447236180904522,0.7947253707136023,0.0,0.0,inf,200.0
945,A217780,A182490,"('TIGER 차이나CSI300인버스(합성)', 'china,inverse')","('TIGER 단기선진하이일드(합성 H)', 'global,high-yield')",1.0,0.21608,3.656309,1.093926348154619,8.502910088741299,0.16006395544143598,1.2160804020100502,1.082371758590668,0.0,0.0,inf,200.0
946,A217780,A292770,"('TIGER 차이나CSI300인버스(합성)', 'china,inverse')","('KODEX 국채선물3년인버스', 'inverse,bond')",1.0,-0.708543,3.658901,0.17939387284139047,9.204789994179244,0.15980891974876107,0.29145728643216073,0.17253990938662567,0.07035175879396985,0.2914572864321608,inf,inf
947,A217780,A123310,"('TIGER 차이나CSI300인버스(합성)', 'china,inverse')","('TIGER 인버스', 'inverse')",1.0,-0.336683,3.714749,0.5648498066557243,9.409597432786825,0.1537757536019124,0.6633165829145728,0.5708594136848371,0.0,0.0,inf,200.0
948,A217780,A292340,"('TIGER 차이나CSI300인버스(합성)', 'china,inverse')","('마이티 200커버드콜ATM레버리지', 'option,leverage')",1.0,0.145729,3.683561,1.0330010429380316,8.21433205776501,0.1550439533073306,1.1457286432160805,1.0335754437018378,0.0,0.0,inf,200.0
949,A217780,A166400,"('TIGER 차이나CSI300인버스(합성)', 'china,inverse')","('TIGER 200커버드콜5%OTM', 'option')",1.0,0.296482,3.701232,1.1994383075127364,9.07835731923724,0.1530936436211874,1.2964824120603016,1.2073043119798352,0.0,0.0,inf,200.0
950,A217780,A271050,"('TIGER 차이나CSI300인버스(합성)', 'china,inverse')","('KODEX WTI원유선물인버스(H)', 'commodity,inverse')",1.0,-0.005025,3.654299,0.8578613038188486,7.394282899161485,0.1600030561793709,0.9949748743718593,0.8468367169372425,0.0,0.0,inf,200.0
951,A217780,A132030,"('TIGER 차이나CSI300인버스(합성)', 'china,inverse')","('KODEX 골드선물(H)', 'commodity')",1.0,0.085427,3.656675,0.9509945475012426,7.285422831438239,0.1602598299158664,1.085427135678392,0.9421150928269965,0.0,0.0,inf,200.0
952,A217780,A138910,"('TIGER 차이나CSI300인버스(합성)', 'china,inverse')","('KODEX 구리선물(H)', 'commodity')",1.0,0.075377,3.660323,0.9446159561927967,7.41191693592186,0.15912417503976992,1.0753768844221105,0.9322179705391586,0.0,0.0,inf,200.0
953,A217780,A316300,"('TIGER 차이나CSI300인버스(합성)', 'china,inverse')","('KINDEX 싱가포르리츠', 'singapore,real-estate')",1.0,0.165829,3.658342,1.0326325012502433,6.943230212588503,0.15871832061604166,1.1658291457286432,1.0219485724770694,0.0,0.0,inf,200.0
954,A217780,A352560,"('TIGER 차이나CSI300인버스(합성)', 'china,inverse')","('KODEX 다우존스미국리츠(H)', 'US,real-estate')",1.0,0.055276,3.655869,0.9269818159721893,7.8270560556429505,0.1600492671718111,1.0552763819095476,0.9152207832858904,0.0,0.0,inf,200.0
955,A217780,A250780,"('TIGER 차이나CSI300인버스(합성)', 'china,inverse')","('TIGER 코스닥150선물인버스', 'inverse')",1.0,-0.236181,3.722623,0.6446196860956437,8.866133943433304,0.1504487731040599,0.7638190954773869,0.6346710543460778,0.0,0.0,inf,200.0
956,A217780,A295020,"('TIGER 차이나CSI300인버스(합성)', 'china,inverse')","('KBSTAR 국채선물10년인버스', 'inverse,bond')",1.0,-0.025126,3.654253,0.8451110338861321,7.796238392289771,0.16014359786209031,0.9748743718592965,0.8355246462042374,0.0,0.0,inf,200.0
957,A217780,A225030,"('TIGER 차이나CSI300인버스(합성)', 'china,inverse')","('TIGER 미국S&P500선물인버스(H)', 'US,inverse')",1.0,-0.20603,3.679022,0.6734073468691048,8.713573747705347,0.15818879605301406,0.7939698492462312,0.6519266521514835,0.0,0.0,inf,200.0
958,A217780,A373530,"('TIGER 차이나CSI300인버스(합성)', 'china,inverse')","('ARIRANG 신흥국MSCI인버스(합성 H)', 'emerging-market,inverse')",1.0,-0.376884,3.736263,0.5383413879917497,12.332385984618801,0.1504842773796625,0.6231155778894473,0.5306829405842378,0.0,0.0,inf,200.0
959,A217780,A280940,"('TIGER 차이나CSI300인버스(합성)', 'china,inverse')","('KODEX 골드선물인버스(H)', 'commodity,inverse')",1.0,-0.055276,3.655443,0.8096429533127327,7.361575777127529,0.16029458360021664,0.9447236180904522,0.8001233014422247,0.0,0.0,inf,200.0
960,A225030,A305720,"('TIGER 미국S&P500선물인버스(H)', 'US,inverse')","('KODEX 2차전지산업', 'technology,manufacturing')",1.0,0.296482,3.728014,1.2749202946455802,9.89852079385453,0.16122822899841732,1.2964824120603016,1.305563768196159,1.1658291457286432,1.35678391959799,inf,277.0
961,A225030,A091180,"('TIGER 미국S&P500선물인버스(H)', 'US,inverse')","('KODEX 자동차', 'technology,manufacturing')",1.0,0.236181,3.714981,1.2300828329280873,7.137950838023188,0.16624028020208828,1.2361809045226129,1.300913821716225,1.105527638190955,1.3266331658291457,inf,216.0
962,A225030,A228800,"('TIGER 미국S&P500선물인버스(H)', 'US,inverse')","('TIGER 여행레저', 'retail')",1.0,0.20603,3.675209,1.1831626998918305,7.488427706501619,0.16904504824453734,1.2060301507537687,1.2259291194407955,1.0552763819095476,1.2763819095477387,inf,222.0
963,A225030,A161510,"('TIGER 미국S&P500선물인버스(H)', 'US,inverse')","('ARIRANG 고배당주', 'high-dividend')",1.0,0.386935,3.686588,1.3467989043258635,10.26843253058905,0.16988801594821082,1.386934673366834,1.3779585617814767,1.236180904522613,1.4271356783919598,inf,244.0
964,A225030,A150460,"('TIGER 미국S&P500선물인버스(H)', 'US,inverse')","('TIGER 중국소비테마', 'china,retail')",1.0,0.366834,3.720408,1.3777794441912605,3.9310637022468775,0.15962989636260472,1.366834170854271,1.4430052657245993,1.2261306532663316,1.4874371859296482,inf,222.0
965,A225030,A228810,"('TIGER 미국S&P500선물인버스(H)', 'US,inverse')","('TIGER 미디어컨텐츠', 'retail')",1.0,0.246231,3.716343,1.2346819363411037,17.202796890993355,0.16499163831508468,1.2462311557788945,1.2610623924579363,1.1457286432160805,1.2964824120603016,inf,275.0
966,A225030,A139220,"('TIGER 미국S&P500선물인버스(H)', 'US,inverse')","('TIGER 200 건설', 'utilities')",1.0,0.266332,3.687552,1.2510894838971953,7.861223153230992,0.1707961297184829,1.266331658291457,1.3149458880553375,1.1256281407035176,1.3467336683417086,inf,222.0
967,A225030,A117680,"('TIGER 미국S&P500선물인버스(H)', 'US,inverse')","('KODEX 철강', 'commodity')",1.0,0.175879,3.659224,1.1388681849557947,7.305976890215558,0.17500704946100581,1.1758793969849246,1.1936731912930136,1.0050251256281406,1.236180904522613,inf,242.0
968,A225030,A174350,"('TIGER 미국S&P500선물인버스(H)', 'US,inverse')","('TIGER 로우볼', 'volatility')",1.0,0.497487,3.714197,1.4627323208674132,8.770757015258415,0.16672694545456046,1.4974874371859295,1.5071372859205008,1.3467336683417086,1.5477386934673367,inf,235.0
969,A225030,A244670,"('TIGER 미국S&P500선물인버스(H)', 'US,inverse')","('KODEX 밸류Plus', 'value')",1.0,0.417085,3.75001,1.4335850712323188,3.3614893458524056,0.15770398758077417,1.417085427135678,1.5014244500186242,1.2663316582914572,1.5477386934673367,inf,244.0
970,A225030,A322150,"('TIGER 미국S&P500선물인버스(H)', 'US,inverse')","('KINDEX 스마트하이베타', 'factor-model')",1.0,0.517588,3.854898,1.5803278367205877,2.5344933078274696,0.14355383584705528,1.5175879396984926,1.627568408322177,1.4170854271356783,1.6884422110552764,inf,272.0
971,A225030,A337120,"('TIGER 미국S&P500선물인버스(H)', 'US,inverse')","('KODEX Fn멀티팩터', 'factor-model')",1.0,0.557789,3.839111,1.5983420001495465,2.9330708222999653,0.14556471645276545,1.557788944723618,1.6534509716639736,1.4371859296482412,1.6984924623115578,inf,222.0
972,A225030,A147970,"('TIGER 미국S&P500선물인버스(H)', 'US,inverse')","('TIGER 모멘텀', 'momentum')",1.0,0.437186,3.738311,1.405159520837706,7.187654146034208,0.16267397977456952,1.437185929648241,1.4544415728460953,1.2763819095477387,1.4974874371859297,inf,244.0
973,A225030,A243880,"('TIGER 미국S&P500선물인버스(H)', 'US,inverse')","('TIGER 200IT레버리지', 'leverage,technology')",1.0,0.155779,3.81239,1.1775150989042436,6.240971658224408,0.15085815004166,1.1557788944723617,1.2446086235896214,1.0552763819095476,1.2663316582914572,inf,218.0
974,A225030,A153130,"('TIGER 미국S&P500선물인버스(H)', 'US,inverse')","('KODEX 단기채권', 'bond')",1.0,1.0,3.607446,1.9552869839420959,11.288093979657889,0.18690754677266352,2.0,1.9953418130227063,0.0,0.0,inf,200.0
975,A225030,A148070,"('TIGER 미국S&P500선물인버스(H)', 'US,inverse')","('KOSEF 국고채10년', 'bond')",1.0,0.085427,3.607411,1.049842430975722,11.902725616571127,0.18696537691072163,1.0854271356783918,1.0948385956100586,0.9346733668341709,1.135678391959799,inf,244.0
976,A225030,A332620,"('TIGER 미국S&P500선물인버스(H)', 'US,inverse')","('ARIRANG 미국장기우량회사채', 'US,bond')",1.0,-0.326633,3.632502,0.5870201018586071,6.658880227896864,0.18042177764850392,0.6733668341708542,0.6260798592911806,0.44221105527638194,0.7035175879396985,inf,244.0
977,A225030,A182490,"('TIGER 미국S&P500선물인버스(H)', 'US,inverse')","('TIGER 단기선진하이일드(합성 H)', 'global,high-yield')",1.0,0.738693,3.629313,1.7214418335272583,16.27587082188892,0.18233640117470404,1.7386934673366832,1.7675665317192455,1.6180904522613067,1.7889447236180904,inf,221.0
978,A225030,A292770,"('TIGER 미국S&P500선물인버스(H)', 'US,inverse')","('KODEX 국채선물3년인버스', 'inverse,bond')",1.0,-0.758794,3.611819,0.21674340124525912,12.220473072347247,0.1859769491606323,0.2412060301507536,0.26697501374970334,0.10050251256281408,0.32160804020100503,inf,244.0
979,A225030,A123310,"('TIGER 미국S&P500선물인버스(H)', 'US,inverse')","('TIGER 인버스', 'inverse')",1.0,-0.678392,3.886755,0.37400897039886405,2.5971589635595773,0.13945140142260773,0.321608040201005,0.42227290741990386,0.22110552763819097,0.5125628140703518,inf,285.0
980,A225030,A292340,"('TIGER 미국S&P500선물인버스(H)', 'US,inverse')","('마이티 200커버드콜ATM레버리지', 'option,leverage')",1.0,0.366834,3.786171,1.3802410994122154,4.33209665772039,0.1466355783865727,1.366834170854271,1.4426940364628804,1.2462311557788945,1.4773869346733668,inf,222.0
981,A225030,A166400,"('TIGER 미국S&P500선물인버스(H)', 'US,inverse')","('TIGER 200커버드콜5%OTM', 'option')",1.0,0.638191,3.856289,1.7143800701628955,2.175429727177602,0.14446251211763228,1.6381909547738691,1.7527015469935436,1.5376884422110553,1.829145728643216,inf,282.0
982,A225030,A271050,"('TIGER 미국S&P500선물인버스(H)', 'US,inverse')","('KODEX WTI원유선물인버스(H)', 'commodity,inverse')",1.0,-0.035176,3.619152,0.8941908919702605,9.171940989293978,0.18542472913564265,0.9648241206030149,0.9215902720266643,0.7638190954773869,0.9949748743718593,inf,277.0
983,A225030,A132030,"('TIGER 미국S&P500선물인버스(H)', 'US,inverse')","('KODEX 골드선물(H)', 'commodity')",1.0,-0.025126,3.607124,0.9346169134584292,11.513072774962959,0.1867028292596116,0.9748743718592964,0.9766125516244827,0.8140703517587939,1.0251256281407035,inf,244.0
984,A225030,A138910,"('TIGER 미국S&P500선물인버스(H)', 'US,inverse')","('KODEX 구리선물(H)', 'commodity')",1.0,0.246231,3.671191,1.2116234061439746,10.92955406532441,0.17634331716231202,1.2462311557788943,1.2430072893984365,1.0954773869346734,1.2964824120603016,inf,235.0
985,A225030,A316300,"('TIGER 미국S&P500선물인버스(H)', 'US,inverse')","('KINDEX 싱가포르리츠', 'singapore,real-estate')",1.0,0.417085,3.632697,1.3790963166019745,10.037925315911295,0.18069171905247786,1.417085427135678,1.4130842287330247,1.256281407035176,1.4673366834170853,inf,272.0
986,A225030,A352560,"('TIGER 미국S&P500선물인버스(H)', 'US,inverse')","('KODEX 다우존스미국리츠(H)', 'US,real-estate')",1.0,0.61809,3.892441,1.6097267260069756,21.922525656910548,0.13507715306804682,1.6180904522613067,1.6386374354060205,1.5477386934673367,1.6582914572864322,inf,296.0
987,A225030,A250780,"('TIGER 미국S&P500선물인버스(H)', 'US,inverse')","('TIGER 코스닥150선물인버스', 'inverse')",1.0,-0.427136,3.840255,0.5490679701722723,8.794070922162236,0.13595039913286278,0.5728643216080402,0.5969928030229538,0.45226130653266333,0.6231155778894473,inf,222.0
988,A225030,A295020,"('TIGER 미국S&P500선물인버스(H)', 'US,inverse')","('KBSTAR 국채선물10년인버스', 'inverse,bond')",1.0,-0.075377,3.607277,0.8885829319509153,11.880737802871126,0.18703108640380162,0.9246231155778893,0.9331950479764128,0.7738693467336684,0.9849246231155779,inf,244.0
989,A225030,A217780,"('TIGER 미국S&P500선물인버스(H)', 'US,inverse')","('TIGER 차이나CSI300인버스(합성)', 'china,inverse')",1.0,-0.226131,3.631759,0.7605895415802342,15.476661944847997,0.18516735289453062,0.7738693467336683,0.8072167079259485,0.6532663316582915,0.8442211055276382,inf,244.0
990,A225030,A373530,"('TIGER 미국S&P500선물인버스(H)', 'US,inverse')","('ARIRANG 신흥국MSCI인버스(합성 H)', 'emerging-market,inverse')",1.0,-0.59799,3.825282,0.42514726560742716,8.823772075038239,0.1491735712011256,0.40201005025125613,0.48159175084122396,0.32160804020100503,0.5125628140703518,inf,214.0
991,A225030,A280940,"('TIGER 미국S&P500선물인버스(H)', 'US,inverse')","('KODEX 골드선물인버스(H)', 'commodity,inverse')",1.0,-0.015075,3.607083,0.943718003402821,11.507256678508393,0.18725795397392644,0.9849246231155778,0.9854419115054898,0.8241206030150754,1.035175879396985,inf,244.0
992,A373530,A305720,"('ARIRANG 신흥국MSCI인버스(합성 H)', 'emerging-market,inverse')","('KODEX 2차전지산업', 'technology,manufacturing')",1.0,0.276382,3.718918,1.1827942513355882,7.108058315147095,0.16859718186519107,1.2763819095477387,1.152718042288037,0.0,0.0,inf,200.0
993,A373530,A091180,"('ARIRANG 신흥국MSCI인버스(합성 H)', 'emerging-market,inverse')","('KODEX 자동차', 'technology,manufacturing')",1.0,0.20603,3.691097,1.1282278849667238,9.290659601451155,0.1707462921623807,1.206030150753769,1.1304467967626566,1.015075376884422,1.2160804020100502,inf,inf
994,A373530,A228800,"('ARIRANG 신흥국MSCI인버스(합성 H)', 'emerging-market,inverse')","('TIGER 여행레저', 'retail')",1.0,0.21608,3.680714,1.1234108429177674,7.097195605628471,0.17255940822687163,1.2160804020100502,1.10467047898751,0.9949748743718593,1.2261306532663316,inf,inf
995,A373530,A161510,"('ARIRANG 신흥국MSCI인버스(합성 H)', 'emerging-market,inverse')","('ARIRANG 고배당주', 'high-dividend')",1.0,0.396985,3.695023,1.2776855983830886,5.488286412040176,0.16762094705130054,1.3969849246231156,1.2555254461190888,0.0,0.0,inf,200.0
996,A373530,A150460,"('ARIRANG 신흥국MSCI인버스(합성 H)', 'emerging-market,inverse')","('TIGER 중국소비테마', 'china,retail')",1.0,0.366834,3.72684,1.2974912834699222,7.6319070160923514,0.1624915154436734,1.3668341708542713,1.310788473166251,1.1758793969849246,1.3869346733668342,inf,inf
997,A373530,A228810,"('ARIRANG 신흥국MSCI인버스(합성 H)', 'emerging-market,inverse')","('TIGER 미디어컨텐츠', 'retail')",1.0,0.20603,3.691926,1.1144039652798357,5.781591458914974,0.17272046048644538,1.206030150753769,1.0864332911369863,0.9748743718592965,1.2261306532663316,inf,inf
998,A373530,A139220,"('ARIRANG 신흥국MSCI인버스(합성 H)', 'emerging-market,inverse')","('TIGER 200 건설', 'utilities')",1.0,0.246231,3.679974,1.1597781758640089,7.513305861884715,0.17535012136441602,1.2462311557788945,1.1590567266842846,1.0251256281407035,1.256281407035176,inf,inf
999,A373530,A117680,"('ARIRANG 신흥국MSCI인버스(합성 H)', 'emerging-market,inverse')","('KODEX 철강', 'commodity')",1.0,0.175879,3.659713,1.066035480607161,6.4786485064505905,0.1776933023505668,1.1758793969849246,1.0614563987346652,0.0,0.0,inf,200.0
1000,A373530,A174350,"('ARIRANG 신흥국MSCI인버스(합성 H)', 'emerging-market,inverse')","('TIGER 로우볼', 'volatility')",1.0,0.497487,3.717263,1.3881215740527917,6.05762321827641,0.1651008579612993,1.4974874371859297,1.3749204933621524,0.0,0.0,inf,200.0
1001,A373530,A244670,"('ARIRANG 신흥국MSCI인버스(합성 H)', 'emerging-market,inverse')","('KODEX 밸류Plus', 'value')",1.0,0.417085,3.755266,1.3465227278041059,6.700517741834928,0.15855303815821603,1.4170854271356783,1.3692076574602758,1.2261306532663316,1.4371859296482412,inf,inf
1002,A373530,A322150,"('ARIRANG 신흥국MSCI인버스(합성 H)', 'emerging-market,inverse')","('KINDEX 스마트하이베타', 'factor-model')",1.0,0.507538,3.848349,1.4645435329586376,9.161752438634345,0.1437961329493312,1.5075376884422111,1.4831908117437282,1.3668341708542713,1.5376884422110553,inf,inf
1003,A373530,A337120,"('ARIRANG 신흥국MSCI인버스(합성 H)', 'emerging-market,inverse')","('KODEX Fn멀티팩터', 'factor-model')",1.0,0.547739,3.828037,1.4937212233607802,8.312750234739442,0.14594872771218664,1.5477386934673367,1.5094834769366705,1.3869346733668342,1.5678391959798996,inf,inf
1004,A373530,A147970,"('ARIRANG 신흥국MSCI인버스(합성 H)', 'emerging-market,inverse')","('TIGER 모멘텀', 'momentum')",1.0,0.437186,3.74567,1.3293085958156912,5.726794701073218,0.1630924448489438,1.4371859296482412,1.322224780287747,0.0,0.0,inf,200.0
1005,A373530,A243880,"('ARIRANG 신흥국MSCI인버스(합성 H)', 'emerging-market,inverse')","('TIGER 200IT레버리지', 'leverage,technology')",1.0,0.145729,3.793162,1.0922503743262701,8.547157073715367,0.15386729002695684,1.1457286432160805,1.0966936618504586,0.9849246231155779,1.1758793969849246,inf,inf
1006,A373530,A153130,"('ARIRANG 신흥국MSCI인버스(합성 H)', 'emerging-market,inverse')","('KODEX 단기채권', 'bond')",1.0,-1.0,3.610736,-0.10739672949599229,7.146525232537796,0.18848495521623587,0.0,-0.12498460300705228,0.0,0.06030150753768844,200.0,inf
1007,A373530,A148070,"('ARIRANG 신흥국MSCI인버스(합성 H)', 'emerging-market,inverse')","('KOSEF 국고채10년', 'bond')",1.0,0.025126,3.610372,0.9143110086813198,6.9756007728375256,0.18846440581003276,1.0251256281407035,0.8965853835295519,0.7638190954773869,1.035175879396985,inf,inf
1008,A373530,A332620,"('ARIRANG 신흥국MSCI인버스(합성 H)', 'emerging-market,inverse')","('ARIRANG 미국장기우량회사채', 'US,bond')",1.0,-0.346734,3.639129,0.4725193367442771,4.340330088359189,0.1823055194637632,0.6532663316582915,0.4707733964561662,0.0,0.0,inf,200.0
1009,A373530,A182490,"('ARIRANG 신흥국MSCI인버스(합성 H)', 'emerging-market,inverse')","('TIGER 단기선진하이일드(합성 H)', 'global,high-yield')",1.0,0.688442,3.629664,1.6062904891057335,9.798008312905587,0.1844039045549983,1.6884422110552764,1.583221879947819,1.4773869346733668,1.6984924623115578,inf,inf
1010,A373530,A292770,"('ARIRANG 신흥국MSCI인버스(합성 H)', 'emerging-market,inverse')","('KODEX 국채선물3년인버스', 'inverse,bond')",1.0,-0.527638,3.612663,0.3755243631475723,8.077180365112344,0.18842365272513387,0.4723618090452262,0.35845591275900857,0.24120603015075376,0.5025125628140703,inf,inf
1011,A373530,A123310,"('ARIRANG 신흥국MSCI인버스(합성 H)', 'emerging-market,inverse')","('TIGER 인버스', 'inverse')",1.0,-0.658291,3.865777,0.2925395397754238,9.29039863109225,0.14093592498352966,0.34170854271356776,0.3072120880131729,0.20100502512562815,0.38190954773869346,inf,inf
1012,A373530,A292340,"('ARIRANG 신흥국MSCI인버스(합성 H)', 'emerging-market,inverse')","('마이티 200커버드콜ATM레버리지', 'option,leverage')",1.0,0.356784,3.78757,1.2902825513200695,7.577181317839093,0.15161640448084743,1.35678391959799,1.2983839004750561,1.1758793969849246,1.3668341708542713,inf,inf
1013,A373530,A166400,"('ARIRANG 신흥국MSCI인버스(합성 H)', 'emerging-market,inverse')","('TIGER 200커버드콜5%OTM', 'option')",1.0,0.638191,3.861672,1.5986737908094675,9.074081759617581,0.14350990435443778,1.6381909547738693,1.620484754435195,1.4974874371859297,1.6683417085427137,inf,inf
1014,A373530,A271050,"('ARIRANG 신흥국MSCI인버스(합성 H)', 'emerging-market,inverse')","('KODEX WTI원유선물인버스(H)', 'commodity,inverse')",1.0,-0.035176,3.620314,0.808385575037673,5.072988372549887,0.18779553722518277,0.964824120603015,0.7893734794683158,0.0,0.0,inf,200.0
1015,A373530,A132030,"('ARIRANG 신흥국MSCI인버스(합성 H)', 'emerging-market,inverse')","('KODEX 골드선물(H)', 'commodity')",1.0,0.055276,3.611492,0.9405564102081612,6.633987367176837,0.18860449277418392,1.0552763819095476,0.9233539979861933,0.0,0.0,inf,200.0
1016,A373530,A138910,"('ARIRANG 신흥국MSCI인버스(합성 H)', 'emerging-market,inverse')","('KODEX 구리선물(H)', 'commodity')",1.0,0.19598,3.650324,1.084957114505213,6.1733259733909955,0.1838565916724674,1.1959798994974875,1.061459825796938,0.0,0.0,inf,200.0
1017,A373530,A316300,"('ARIRANG 신흥국MSCI인버스(합성 H)', 'emerging-market,inverse')","('KINDEX 싱가포르리츠', 'singapore,real-estate')",1.0,0.256281,3.619958,1.141994834412521,6.160295575372566,0.18800694861390896,1.256281407035176,1.1221022400509084,0.0,0.0,inf,200.0
1018,A373530,A352560,"('ARIRANG 신흥국MSCI인버스(합성 H)', 'emerging-market,inverse')","('KODEX 다우존스미국리츠(H)', 'US,real-estate')",1.0,0.296482,3.664609,1.1993835199484948,6.680230333029775,0.17923425301878296,1.2964824120603016,1.174791148671922,1.0552763819095476,1.306532663316583,inf,inf
1019,A373530,A250780,"('ARIRANG 신흥국MSCI인버스(합성 H)', 'emerging-market,inverse')","('TIGER 코스닥150선물인버스', 'inverse')",1.0,-0.366834,3.77799,0.5350807353180002,6.61489602757819,0.15341912073732716,0.6331658291457287,0.5218528384548237,0.0,0.0,inf,200.0
1020,A373530,A295020,"('ARIRANG 신흥국MSCI인버스(합성 H)', 'emerging-market,inverse')","('KBSTAR 국채선물10년인버스', 'inverse,bond')",1.0,-0.045226,3.61046,0.8458024225065002,7.100515742665037,0.18845125058676318,0.9547738693467337,0.8282150367422997,0.7035175879396985,0.964824120603015,inf,inf
1021,A373530,A217780,"('ARIRANG 신흥국MSCI인버스(합성 H)', 'emerging-market,inverse')","('TIGER 차이나CSI300인버스(합성)', 'china,inverse')",1.0,-0.407035,3.692414,0.5400206833674001,10.295926809012725,0.17652876162718067,0.592964824120603,0.5197436806787576,0.4221105527638191,0.6432160804020101,inf,inf
1022,A373530,A225030,"('ARIRANG 신흥국MSCI인버스(합성 H)', 'emerging-market,inverse')","('TIGER 미국S&P500선물인버스(H)', 'US,inverse')",1.0,-0.58794,3.828593,0.31661314938848273,5.412453446994576,0.1504533118483988,0.4120603015075377,0.28037383108755154,0.19095477386934673,0.4321608040201005,296.0,inf
1023,A373530,A280940,"('ARIRANG 신흥국MSCI인버스(합성 H)', 'emerging-market,inverse')","('KODEX 골드선물인버스(H)', 'commodity,inverse')",1.0,-0.085427,3.612509,0.7960524719512189,6.388617187677236,0.1883598138875394,0.914572864321608,0.7792813666334208,0.0,0.0,inf,200.0
1024,A280940,A305720,"('KODEX 골드선물인버스(H)', 'commodity,inverse')","('KODEX 2차전지산업', 'technology,manufacturing')",1.0,-0.025126,3.81621,1.0158164587327254,6.7511062616826925,0.13310076753428343,0.9748743718592965,1.025271455486379,0.914572864321608,1.0954773869346734,inf,278.0
1025,A280940,A091180,"('KODEX 골드선물인버스(H)', 'commodity,inverse')","('KODEX 자동차', 'technology,manufacturing')",1.0,-0.025126,3.816623,1.0135085964584993,6.890084702070048,0.13257858640411938,0.9748743718592965,1.0191824285109126,0.914572864321608,1.085427135678392,inf,278.0
1026,A280940,A228800,"('KODEX 골드선물인버스(H)', 'commodity,inverse')","('TIGER 여행레저', 'retail')",1.0,0.025126,3.816306,1.0713192292146287,6.054603657252023,0.1332046694606612,1.0251256281407035,1.0784530024362537,0.964824120603015,1.1457286432160805,inf,278.0
1027,A280940,A161510,"('KODEX 골드선물인버스(H)', 'commodity,inverse')","('ARIRANG 고배당주', 'high-dividend')",1.0,0.005025,3.815262,1.0484771560404387,6.266072766887385,0.1328244256125556,1.0050251256281406,1.055949460621576,0.9447236180904522,1.1256281407035176,inf,278.0
1028,A280940,A150460,"('KODEX 골드선물인버스(H)', 'commodity,inverse')","('TIGER 중국소비테마', 'china,retail')",1.0,0.055276,3.819308,1.1073784197527576,5.457049404855691,0.1323181035516998,1.0552763819095476,1.1176179085956996,0.9949748743718593,1.185929648241206,inf,278.0
1029,A280940,A228810,"('KODEX 골드선물인버스(H)', 'commodity,inverse')","('TIGER 미디어컨텐츠', 'retail')",1.0,0.015075,3.815965,1.0603909718538835,6.281738907232582,0.13269718709112324,1.015075376884422,1.0669622379595713,0.9547738693467337,1.135678391959799,inf,278.0
1030,A280940,A139220,"('KODEX 골드선물인버스(H)', 'commodity,inverse')","('TIGER 200 건설', 'utilities')",1.0,0.035176,3.81717,1.0831371315895169,5.8757259954116945,0.1325067170486239,1.035175879396985,1.092484267595829,0.9748743718592965,1.1658291457286432,inf,278.0
1031,A280940,A117680,"('KODEX 골드선물인버스(H)', 'commodity,inverse')","('KODEX 철강', 'commodity')",1.0,0.025126,3.817072,1.0695514092532952,6.114722788935563,0.13279176095086534,1.0251256281407035,1.0785413636030263,0.964824120603015,1.1457286432160805,inf,278.0
1032,A280940,A174350,"('KODEX 골드선물인버스(H)', 'commodity,inverse')","('TIGER 로우볼', 'volatility')",1.0,0.045226,3.816683,1.0893334628423241,6.249631876043763,0.13283763814456107,1.0452261306532664,1.0970440116857323,0.9849246231155779,1.1658291457286432,inf,278.0
1033,A280940,A244670,"('KODEX 골드선물인버스(H)', 'commodity,inverse')","('KODEX 밸류Plus', 'value')",1.0,0.045226,3.8176,1.0946571412233372,5.750143610832739,0.13293814088830366,1.0452261306532664,1.105289393722808,0.9849246231155779,1.1758793969849246,inf,278.0
1034,A280940,A322150,"('KODEX 골드선물인버스(H)', 'commodity,inverse')","('KINDEX 스마트하이베타', 'factor-model')",1.0,-0.005025,3.8153,1.0376128008510581,6.328993733195804,0.1327882966509218,0.9949748743718593,1.0449772201635457,0.9346733668341709,1.1155778894472361,inf,278.0
1035,A280940,A337120,"('KODEX 골드선물인버스(H)', 'commodity,inverse')","('KODEX Fn멀티팩터', 'factor-model')",1.0,0.005025,3.815286,1.0491713710939234,6.184604436670003,0.13283522126576638,1.0050251256281406,1.056932973258073,0.9447236180904522,1.1256281407035176,inf,278.0
1036,A280940,A147970,"('KODEX 골드선물인버스(H)', 'commodity,inverse')","('TIGER 모멘텀', 'momentum')",1.0,0.015075,3.815562,1.0589523165939023,6.216820625560142,0.13278942095565824,1.015075376884422,1.06668364188253,0.9547738693467337,1.135678391959799,inf,278.0
1037,A280940,A243880,"('KODEX 골드선물인버스(H)', 'commodity,inverse')","('TIGER 200IT레버리지', 'leverage,technology')",1.0,0.005025,3.815576,1.0508637502281901,6.08633050046318,0.13292910096494095,1.0050251256281406,1.0589067067640028,0.9447236180904522,1.1256281407035176,inf,278.0
1038,A280940,A153130,"('KODEX 골드선물인버스(H)', 'commodity,inverse')","('KODEX 단기채권', 'bond')",1.0,-1.0,3.815789,0.04898346356499916,5.834447985990492,0.13271465082646158,0.0,0.057002810437890905,0.0,0.16080402010050251,335.0,inf
1039,A280940,A148070,"('KODEX 골드선물인버스(H)', 'commodity,inverse')","('KOSEF 국고채10년', 'bond')",1.0,0.256281,3.821376,1.3233944673716151,4.4947416375684925,0.1311943044418313,1.256281407035176,1.3317124051427678,1.206030150753769,1.407035175879397,inf,inf
1040,A280940,A332620,"('KODEX 골드선물인버스(H)', 'commodity,inverse')","('ARIRANG 미국장기우량회사채', 'US,bond')",1.0,0.085427,3.817619,1.14376124390655,5.164312842478602,0.13145939979085902,1.085427135678392,1.149188720849426,1.0251256281407035,1.2261306532663316,inf,inf
1041,A280940,A182490,"('KODEX 골드선물인버스(H)', 'commodity,inverse')","('TIGER 단기선진하이일드(합성 H)', 'global,high-yield')",1.0,-0.065327,3.815543,0.9753856412646618,6.492962777887942,0.13305428922619705,0.9346733668341709,0.9832914051965947,0.864321608040201,1.0552763819095476,inf,278.0
1042,A280940,A292770,"('KODEX 골드선물인버스(H)', 'commodity,inverse')","('KODEX 국채선물3년인버스', 'inverse,bond')",1.0,-0.065327,3.815304,0.9801070476449446,6.067689603748705,0.13279235669048697,0.9346733668341709,0.987838709339259,0.8743718592964824,1.0552763819095476,inf,278.0
1043,A280940,A123310,"('KODEX 골드선물인버스(H)', 'commodity,inverse')","('TIGER 인버스', 'inverse')",1.0,-0.015075,3.815327,1.0302210468704376,6.068496207928676,0.1328507120052208,0.9849246231155779,1.0381906423098826,0.9246231155778895,1.105527638190955,inf,278.0
1044,A280940,A292340,"('KODEX 골드선물인버스(H)', 'commodity,inverse')","('마이티 200커버드콜ATM레버리지', 'option,leverage')",1.0,0.005025,3.815373,1.049317102329302,6.168531787468165,0.13282197771460272,1.0050251256281406,1.057104293888334,0.9447236180904522,1.1256281407035176,inf,278.0
1045,A280940,A166400,"('KODEX 골드선물인버스(H)', 'commodity,inverse')","('TIGER 200커버드콜5%OTM', 'option')",1.0,0.025126,3.815587,1.0722335777917875,5.921759471220058,0.13300766401141642,1.0251256281407035,1.0806408720045622,0.964824120603015,1.155778894472362,inf,278.0
1046,A280940,A271050,"('KODEX 골드선물인버스(H)', 'commodity,inverse')","('KODEX WTI원유선물인버스(H)', 'commodity,inverse')",1.0,-0.025126,3.823647,0.9934166842577012,9.143330264621328,0.1298165175182752,0.9748743718592965,0.994131386987641,0.9045226130653267,1.0552763819095476,inf,278.0
1047,A280940,A132030,"('KODEX 골드선물인버스(H)', 'commodity,inverse')","('KODEX 골드선물(H)', 'commodity')",1.0,0.919598,4.851527,1.9443681643226634,10.923172592234623,0.04856615761654571,1.9195979899497488,1.954142479821773,1.9095477386934674,1.9597989949748744,inf,223.0
1048,A280940,A138910,"('KODEX 골드선물인버스(H)', 'commodity,inverse')","('KODEX 구리선물(H)', 'commodity')",1.0,0.165829,3.855676,1.2114807254869815,7.476306481524591,0.12948096996566993,1.1658291457286432,1.213848836615991,1.1155778894472361,1.2763819095477387,inf,278.0
1049,A280940,A316300,"('KODEX 골드선물인버스(H)', 'commodity,inverse')","('KINDEX 싱가포르리츠', 'singapore,real-estate')",1.0,0.075377,3.8165,1.1189429523604995,6.46417406587056,0.1325249138176187,1.0753768844221105,1.1254788078566123,1.015075376884422,1.1959798994974875,inf,278.0
1050,A280940,A352560,"('KODEX 골드선물인버스(H)', 'commodity,inverse')","('KODEX 다우존스미국리츠(H)', 'US,real-estate')",1.0,0.045226,3.817022,1.0911588434285289,6.29318920477945,0.13314858988552852,1.0452261306532664,1.0976930197920607,0.9849246231155779,1.1658291457286432,inf,278.0
1051,A280940,A250780,"('KODEX 골드선물인버스(H)', 'commodity,inverse')","('TIGER 코스닥150선물인버스', 'inverse')",1.0,0.025126,3.816008,1.0671178001672015,6.4738544879083735,0.13268824866263795,1.0251256281407035,1.074839633836187,0.964824120603015,1.1457286432160805,inf,278.0
1052,A280940,A295020,"('KODEX 골드선물인버스(H)', 'commodity,inverse')","('KBSTAR 국채선물10년인버스', 'inverse,bond')",1.0,-0.246231,3.819853,0.8203989044613246,4.5421716456719246,0.1314392355651296,0.7537688442211056,0.8286239080256739,0.7035175879396985,0.914572864321608,inf,inf
1053,A280940,A217780,"('KODEX 골드선물인버스(H)', 'commodity,inverse')","('TIGER 차이나CSI300인버스(합성)', 'china,inverse')",1.0,-0.045226,3.816469,1.0051240904644412,5.939276878935194,0.13304777294714015,0.9547738693467337,1.0122435635013853,0.8944723618090452,1.085427135678392,inf,278.0
1054,A280940,A225030,"('KODEX 골드선물인버스(H)', 'commodity,inverse')","('TIGER 미국S&P500선물인버스(H)', 'US,inverse')",1.0,-0.015075,3.815371,1.0290007909482897,6.263750175507771,0.13309961545360616,0.9849246231155779,1.0359628432597214,0.9246231155778895,1.105527638190955,inf,278.0
1055,A280940,A373530,"('KODEX 골드선물인버스(H)', 'commodity,inverse')","('ARIRANG 신흥국MSCI인버스(합성 H)', 'emerging-market,inverse')",1.0,-0.055276,3.817434,0.995785072741887,5.725476484753323,0.13277114139250004,0.9447236180904522,1.0030185654097006,0.8844221105527639,1.0753768844221105,inf,278.0
